% # columns="iteration, evaluation, min max(neg(.)) min(pos(.)) max correlation, correlation matrix principle axes lengths  (sorted square roots of eigenvalues of correlation matrix)", seed=113895, Tue May 11 15:40:03 2021
1 12 -0.03360104261028353 -0.008968995890719504 0.010101249572028032 0.03753249077601019 0.9508897442697936 0.96278987347379 0.9722760313581317 0.9874703532396825 0.9889891435336785 0.9911005863494454 0.9971987792231861 0.9989868297251575 1.0001173128661704 1.0025372236145254 1.004244806704711 1.00631795625066 1.0098239910791114 1.0169472633008338 1.0271292416587237 1.077147293132245
2 24 -0.04204767389101873 -0.01345194875595084 0.01331828447205979 0.04578583756041503 0.9508897442697936 0.96278987347379 0.9722760313581317 0.9874703532396825 0.9889891435336785 0.9911005863494454 0.9971987792231861 0.9989868297251575 1.0001173128661704 1.0025372236145254 1.004244806704711 1.00631795625066 1.0098239910791114 1.0169472633008338 1.0271292416587237 1.077147293132245
3 36 -0.04912610945331139 -0.014902734818021943 0.018758637480295798 0.062454498001666615 0.9508897442697936 0.96278987347379 0.9722760313581317 0.9874703532396825 0.9889891435336785 0.9911005863494454 0.9971987792231861 0.9989868297251575 1.0001173128661704 1.0025372236145254 1.004244806704711 1.00631795625066 1.0098239910791114 1.0169472633008338 1.0271292416587237 1.077147293132245
4 48 -0.06767059758173288 -0.01899822509420817 0.022390658602344043 0.08027872667411498 0.9508897442697936 0.96278987347379 0.9722760313581317 0.9874703532396825 0.9889891435336785 0.9911005863494454 0.9971987792231861 0.9989868297251575 1.0001173128661704 1.0025372236145254 1.004244806704711 1.00631795625066 1.0098239910791114 1.0169472633008338 1.0271292416587237 1.077147293132245
5 60 -0.07128990855316793 -0.01303407490647215 0.02968268636775084 0.07720963465820496 0.9508897442697936 0.96278987347379 0.9722760313581317 0.9874703532396825 0.9889891435336785 0.9911005863494454 0.9971987792231861 0.9989868297251575 1.0001173128661704 1.0025372236145254 1.004244806704711 1.00631795625066 1.0098239910791114 1.0169472633008338 1.0271292416587237 1.077147293132245
6 72 -0.07518050425056658 -0.013643113414538378 0.030640947262668784 0.09594246271350737 0.9508897442697936 0.96278987347379 0.9722760313581317 0.9874703532396825 0.9889891435336785 0.9911005863494454 0.9971987792231861 0.9989868297251575 1.0001173128661704 1.0025372236145254 1.004244806704711 1.00631795625066 1.0098239910791114 1.0169472633008338 1.0271292416587237 1.077147293132245
7 84 -0.106870710226522 -0.021066183232713594 0.033624414898850624 0.10992200503518874 0.9508897442697936 0.96278987347379 0.9722760313581317 0.9874703532396825 0.9889891435336785 0.9911005863494454 0.9971987792231861 0.9989868297251575 1.0001173128661704 1.0025372236145254 1.004244806704711 1.00631795625066 1.0098239910791114 1.0169472633008338 1.0271292416587237 1.077147293132245
8 96 -0.11057654278586732 -0.02772266424536115 0.03391294201218867 0.13183642516160973 0.9508897442697936 0.96278987347379 0.9722760313581317 0.9874703532396825 0.9889891435336785 0.9911005863494454 0.9971987792231861 0.9989868297251575 1.0001173128661704 1.0025372236145254 1.004244806704711 1.00631795625066 1.0098239910791114 1.0169472633008338 1.0271292416587237 1.077147293132245
9 108 -0.11791250027960178 -0.02681318763372005 0.03635239356254798 0.14797540426024466 0.9508897442697936 0.96278987347379 0.9722760313581317 0.9874703532396825 0.9889891435336785 0.9911005863494454 0.9971987792231861 0.9989868297251575 1.0001173128661704 1.0025372236145254 1.004244806704711 1.00631795625066 1.0098239910791114 1.0169472633008338 1.0271292416587237 1.077147293132245
10 120 -0.11777599636912905 -0.021748333366605414 0.03521345031177007 0.17356196151504724 0.9508897442697936 0.96278987347379 0.9722760313581317 0.9874703532396825 0.9889891435336785 0.9911005863494454 0.9971987792231861 0.9989868297251575 1.0001173128661704 1.0025372236145254 1.004244806704711 1.00631795625066 1.0098239910791114 1.0169472633008338 1.0271292416587237 1.077147293132245
11 132 -0.11148564860128082 -0.02392584122313927 0.03369677384427788 0.17463835324527271 0.9508897442697936 0.96278987347379 0.9722760313581317 0.9874703532396825 0.9889891435336785 0.9911005863494454 0.9971987792231861 0.9989868297251575 1.0001173128661704 1.0025372236145254 1.004244806704711 1.00631795625066 1.0098239910791114 1.0169472633008338 1.0271292416587237 1.077147293132245
12 144 -0.12564755457255955 -0.030355432709380348 0.04281043463088116 0.21046698179376783 0.9508897442697936 0.96278987347379 0.9722760313581317 0.9874703532396825 0.9889891435336785 0.9911005863494454 0.9971987792231861 0.9989868297251575 1.0001173128661704 1.0025372236145254 1.004244806704711 1.00631795625066 1.0098239910791114 1.0169472633008338 1.0271292416587237 1.077147293132245
13 156 -0.1473738409901332 -0.03781132903139397 0.04196278734575572 0.20951632563825523 0.9508897442697936 0.96278987347379 0.9722760313581317 0.9874703532396825 0.9889891435336785 0.9911005863494454 0.9971987792231861 0.9989868297251575 1.0001173128661704 1.0025372236145254 1.004244806704711 1.00631795625066 1.0098239910791114 1.0169472633008338 1.0271292416587237 1.077147293132245
14 168 -0.16296542566724673 -0.03638218993260473 0.0430931159963462 0.23094902345041818 0.9508897442697936 0.96278987347379 0.9722760313581317 0.9874703532396825 0.9889891435336785 0.9911005863494454 0.9971987792231861 0.9989868297251575 1.0001173128661704 1.0025372236145254 1.004244806704711 1.00631795625066 1.0098239910791114 1.0169472633008338 1.0271292416587237 1.077147293132245
15 180 -0.16959401088497497 -0.03563084431942335 0.043784616533512496 0.23702611420394312 0.9508897442697936 0.96278987347379 0.9722760313581317 0.9874703532396825 0.9889891435336785 0.9911005863494454 0.9971987792231861 0.9989868297251575 1.0001173128661704 1.0025372236145254 1.004244806704711 1.00631795625066 1.0098239910791114 1.0169472633008338 1.0271292416587237 1.077147293132245
16 192 -0.1906594345851556 -0.037649988023973 0.05108975541814245 0.2631866148716653 0.9508897442697936 0.96278987347379 0.9722760313581317 0.9874703532396825 0.9889891435336785 0.9911005863494454 0.9971987792231861 0.9989868297251575 1.0001173128661704 1.0025372236145254 1.004244806704711 1.00631795625066 1.0098239910791114 1.0169472633008338 1.0271292416587237 1.077147293132245
17 204 -0.19907550202976265 -0.034220239884095074 0.05487626676550793 0.2621818257848321 0.7788599991891096 0.7936523916618512 0.8505166554301817 0.8805782637935113 0.8954537571743483 0.9080162038675024 0.9606634974523368 0.9717742604048996 0.9933615337910064 1.001689351604804 1.0213915990625515 1.0331954153753102 1.0691230680359989 1.1295540757922344 1.2475658497234252 1.3018934456139237
18 216 -0.20240348499129884 -0.031292758830806046 0.06493447725070513 0.26411476293747627 0.7788599991891096 0.7936523916618512 0.8505166554301817 0.8805782637935113 0.8954537571743483 0.9080162038675024 0.9606634974523368 0.9717742604048996 0.9933615337910064 1.001689351604804 1.0213915990625515 1.0331954153753102 1.0691230680359989 1.1295540757922344 1.2475658497234252 1.3018934456139237
19 228 -0.2001948993823912 -0.03014881245121183 0.05806457426520164 0.27629241556864675 0.7788599991891096 0.7936523916618512 0.8505166554301817 0.8805782637935113 0.8954537571743483 0.9080162038675024 0.9606634974523368 0.9717742604048996 0.9933615337910064 1.001689351604804 1.0213915990625515 1.0331954153753102 1.0691230680359989 1.1295540757922344 1.2475658497234252 1.3018934456139237
20 240 -0.2190528102746639 -0.0273762131349509 0.058957155663313165 0.26458901870449286 0.7788599991891096 0.7936523916618512 0.8505166554301817 0.8805782637935113 0.8954537571743483 0.9080162038675024 0.9606634974523368 0.9717742604048996 0.9933615337910064 1.001689351604804 1.0213915990625515 1.0331954153753102 1.0691230680359989 1.1295540757922344 1.2475658497234252 1.3018934456139237
21 252 -0.22835319052750286 -0.033926280973488196 0.06421202422046232 0.2621128667535258 0.7788599991891096 0.7936523916618512 0.8505166554301817 0.8805782637935113 0.8954537571743483 0.9080162038675024 0.9606634974523368 0.9717742604048996 0.9933615337910064 1.001689351604804 1.0213915990625515 1.0331954153753102 1.0691230680359989 1.1295540757922344 1.2475658497234252 1.3018934456139237
22 264 -0.22575867713981687 -0.03553793987460235 0.06262110179400873 0.2501259447384174 0.7788599991891096 0.7936523916618512 0.8505166554301817 0.8805782637935113 0.8954537571743483 0.9080162038675024 0.9606634974523368 0.9717742604048996 0.9933615337910064 1.001689351604804 1.0213915990625515 1.0331954153753102 1.0691230680359989 1.1295540757922344 1.2475658497234252 1.3018934456139237
23 276 -0.22533829403417446 -0.03258152482849544 0.0618457184226051 0.2545953328791256 0.7788599991891096 0.7936523916618512 0.8505166554301817 0.8805782637935113 0.8954537571743483 0.9080162038675024 0.9606634974523368 0.9717742604048996 0.9933615337910064 1.001689351604804 1.0213915990625515 1.0331954153753102 1.0691230680359989 1.1295540757922344 1.2475658497234252 1.3018934456139237
24 288 -0.233295276014 -0.033295874455482224 0.06252960714973937 0.25212245771139297 0.7788599991891096 0.7936523916618512 0.8505166554301817 0.8805782637935113 0.8954537571743483 0.9080162038675024 0.9606634974523368 0.9717742604048996 0.9933615337910064 1.001689351604804 1.0213915990625515 1.0331954153753102 1.0691230680359989 1.1295540757922344 1.2475658497234252 1.3018934456139237
25 300 -0.22999835182657055 -0.03238954042066823 0.06695171719760494 0.24613810265479324 0.7788599991891096 0.7936523916618512 0.8505166554301817 0.8805782637935113 0.8954537571743483 0.9080162038675024 0.9606634974523368 0.9717742604048996 0.9933615337910064 1.001689351604804 1.0213915990625515 1.0331954153753102 1.0691230680359989 1.1295540757922344 1.2475658497234252 1.3018934456139237
26 312 -0.21995593639338093 -0.03294364352445048 0.07240974135834713 0.24194088737880384 0.7788599991891096 0.7936523916618512 0.8505166554301817 0.8805782637935113 0.8954537571743483 0.9080162038675024 0.9606634974523368 0.9717742604048996 0.9933615337910064 1.001689351604804 1.0213915990625515 1.0331954153753102 1.0691230680359989 1.1295540757922344 1.2475658497234252 1.3018934456139237
27 324 -0.23394620063054422 -0.03562827176920682 0.07671038843794548 0.2603025059080521 0.7788599991891096 0.7936523916618512 0.8505166554301817 0.8805782637935113 0.8954537571743483 0.9080162038675024 0.9606634974523368 0.9717742604048996 0.9933615337910064 1.001689351604804 1.0213915990625515 1.0331954153753102 1.0691230680359989 1.1295540757922344 1.2475658497234252 1.3018934456139237
28 336 -0.22515320168358394 -0.04088973734057086 0.07099291933757423 0.26571241427065473 0.7788599991891096 0.7936523916618512 0.8505166554301817 0.8805782637935113 0.8954537571743483 0.9080162038675024 0.9606634974523368 0.9717742604048996 0.9933615337910064 1.001689351604804 1.0213915990625515 1.0331954153753102 1.0691230680359989 1.1295540757922344 1.2475658497234252 1.3018934456139237
29 348 -0.24385039186019974 -0.04106110474562757 0.0722595605181017 0.26511099841989433 0.7788599991891096 0.7936523916618512 0.8505166554301817 0.8805782637935113 0.8954537571743483 0.9080162038675024 0.9606634974523368 0.9717742604048996 0.9933615337910064 1.001689351604804 1.0213915990625515 1.0331954153753102 1.0691230680359989 1.1295540757922344 1.2475658497234252 1.3018934456139237
30 360 -0.24618975618193645 -0.044975211953833895 0.08066183006511857 0.249548804697137 0.7788599991891096 0.7936523916618512 0.8505166554301817 0.8805782637935113 0.8954537571743483 0.9080162038675024 0.9606634974523368 0.9717742604048996 0.9933615337910064 1.001689351604804 1.0213915990625515 1.0331954153753102 1.0691230680359989 1.1295540757922344 1.2475658497234252 1.3018934456139237
31 372 -0.25751506936595076 -0.04716268415442105 0.07613643179524515 0.2589921035101166 0.7788599991891096 0.7936523916618512 0.8505166554301817 0.8805782637935113 0.8954537571743483 0.9080162038675024 0.9606634974523368 0.9717742604048996 0.9933615337910064 1.001689351604804 1.0213915990625515 1.0331954153753102 1.0691230680359989 1.1295540757922344 1.2475658497234252 1.3018934456139237
32 384 -0.2551243406955557 -0.04341608289468668 0.07424791511811338 0.25908402135272957 0.7788599991891096 0.7936523916618512 0.8505166554301817 0.8805782637935113 0.8954537571743483 0.9080162038675024 0.9606634974523368 0.9717742604048996 0.9933615337910064 1.001689351604804 1.0213915990625515 1.0331954153753102 1.0691230680359989 1.1295540757922344 1.2475658497234252 1.3018934456139237
33 396 -0.25110329748600607 -0.04478744986501726 0.07974080713537023 0.2678402114955398 0.7263939738735233 0.7637876894808486 0.7728345682411328 0.8318235239869693 0.8394658347318399 0.8869566581896641 0.9340484338871055 0.9469799333420683 0.9648076673135684 0.9759844239243279 1.0468555135999429 1.0550445469613237 1.1516805660228921 1.1809746181198095 1.285442601495292 1.3686881651378002
34 408 -0.2594844531453356 -0.04179733276229317 0.07919894780245484 0.287699133183782 0.7263939738735233 0.7637876894808486 0.7728345682411328 0.8318235239869693 0.8394658347318399 0.8869566581896641 0.9340484338871055 0.9469799333420683 0.9648076673135684 0.9759844239243279 1.0468555135999429 1.0550445469613237 1.1516805660228921 1.1809746181198095 1.285442601495292 1.3686881651378002
35 420 -0.25832214718281926 -0.041535689718708746 0.08111686926929274 0.2580998488567643 0.7263939738735233 0.7637876894808486 0.7728345682411328 0.8318235239869693 0.8394658347318399 0.8869566581896641 0.9340484338871055 0.9469799333420683 0.9648076673135684 0.9759844239243279 1.0468555135999429 1.0550445469613237 1.1516805660228921 1.1809746181198095 1.285442601495292 1.3686881651378002
36 432 -0.25515136590624093 -0.03979409915307186 0.08056975726382443 0.25079927057900986 0.7263939738735233 0.7637876894808486 0.7728345682411328 0.8318235239869693 0.8394658347318399 0.8869566581896641 0.9340484338871055 0.9469799333420683 0.9648076673135684 0.9759844239243279 1.0468555135999429 1.0550445469613237 1.1516805660228921 1.1809746181198095 1.285442601495292 1.3686881651378002
37 444 -0.2700905937815249 -0.04294482012428458 0.08237995843769545 0.2503376854506733 0.7263939738735233 0.7637876894808486 0.7728345682411328 0.8318235239869693 0.8394658347318399 0.8869566581896641 0.9340484338871055 0.9469799333420683 0.9648076673135684 0.9759844239243279 1.0468555135999429 1.0550445469613237 1.1516805660228921 1.1809746181198095 1.285442601495292 1.3686881651378002
38 456 -0.27897214611793736 -0.03874320690463576 0.0853852814375686 0.24700645700135657 0.7263939738735233 0.7637876894808486 0.7728345682411328 0.8318235239869693 0.8394658347318399 0.8869566581896641 0.9340484338871055 0.9469799333420683 0.9648076673135684 0.9759844239243279 1.0468555135999429 1.0550445469613237 1.1516805660228921 1.1809746181198095 1.285442601495292 1.3686881651378002
39 468 -0.28018401229959583 -0.04366190774550941 0.08645094478480664 0.2605719187286637 0.7263939738735233 0.7637876894808486 0.7728345682411328 0.8318235239869693 0.8394658347318399 0.8869566581896641 0.9340484338871055 0.9469799333420683 0.9648076673135684 0.9759844239243279 1.0468555135999429 1.0550445469613237 1.1516805660228921 1.1809746181198095 1.285442601495292 1.3686881651378002
40 480 -0.28285237752691006 -0.0428651595230739 0.0877497980907949 0.24658332985050857 0.7263939738735233 0.7637876894808486 0.7728345682411328 0.8318235239869693 0.8394658347318399 0.8869566581896641 0.9340484338871055 0.9469799333420683 0.9648076673135684 0.9759844239243279 1.0468555135999429 1.0550445469613237 1.1516805660228921 1.1809746181198095 1.285442601495292 1.3686881651378002
41 492 -0.29310818890844104 -0.04339888367596935 0.08692669643918183 0.25965621933009686 0.7263939738735233 0.7637876894808486 0.7728345682411328 0.8318235239869693 0.8394658347318399 0.8869566581896641 0.9340484338871055 0.9469799333420683 0.9648076673135684 0.9759844239243279 1.0468555135999429 1.0550445469613237 1.1516805660228921 1.1809746181198095 1.285442601495292 1.3686881651378002
42 504 -0.28253971437921066 -0.03870632843452935 0.08835442450819925 0.2558118309132433 0.7263939738735233 0.7637876894808486 0.7728345682411328 0.8318235239869693 0.8394658347318399 0.8869566581896641 0.9340484338871055 0.9469799333420683 0.9648076673135684 0.9759844239243279 1.0468555135999429 1.0550445469613237 1.1516805660228921 1.1809746181198095 1.285442601495292 1.3686881651378002
43 516 -0.26370301181932404 -0.043831854889431456 0.08561736717512883 0.25840661988100894 0.7263939738735233 0.7637876894808486 0.7728345682411328 0.8318235239869693 0.8394658347318399 0.8869566581896641 0.9340484338871055 0.9469799333420683 0.9648076673135684 0.9759844239243279 1.0468555135999429 1.0550445469613237 1.1516805660228921 1.1809746181198095 1.285442601495292 1.3686881651378002
44 528 -0.2568724138401755 -0.0562383807717689 0.08686964061864162 0.25717483522750834 0.7263939738735233 0.7637876894808486 0.7728345682411328 0.8318235239869693 0.8394658347318399 0.8869566581896641 0.9340484338871055 0.9469799333420683 0.9648076673135684 0.9759844239243279 1.0468555135999429 1.0550445469613237 1.1516805660228921 1.1809746181198095 1.285442601495292 1.3686881651378002
45 540 -0.2529102493695887 -0.051482590466137026 0.08621106177616794 0.25523025375250874 0.7263939738735233 0.7637876894808486 0.7728345682411328 0.8318235239869693 0.8394658347318399 0.8869566581896641 0.9340484338871055 0.9469799333420683 0.9648076673135684 0.9759844239243279 1.0468555135999429 1.0550445469613237 1.1516805660228921 1.1809746181198095 1.285442601495292 1.3686881651378002
46 552 -0.26325361479641674 -0.050694254133192285 0.08158690063658472 0.2520047608783764 0.7263939738735233 0.7637876894808486 0.7728345682411328 0.8318235239869693 0.8394658347318399 0.8869566581896641 0.9340484338871055 0.9469799333420683 0.9648076673135684 0.9759844239243279 1.0468555135999429 1.0550445469613237 1.1516805660228921 1.1809746181198095 1.285442601495292 1.3686881651378002
47 564 -0.24925329886530181 -0.05078115447023154 0.08145034736901244 0.2735746712105358 0.7263939738735233 0.7637876894808486 0.7728345682411328 0.8318235239869693 0.8394658347318399 0.8869566581896641 0.9340484338871055 0.9469799333420683 0.9648076673135684 0.9759844239243279 1.0468555135999429 1.0550445469613237 1.1516805660228921 1.1809746181198095 1.285442601495292 1.3686881651378002
48 576 -0.2525419886872424 -0.05197580274005556 0.07814451572982334 0.29321133982957803 0.7263939738735233 0.7637876894808486 0.7728345682411328 0.8318235239869693 0.8394658347318399 0.8869566581896641 0.9340484338871055 0.9469799333420683 0.9648076673135684 0.9759844239243279 1.0468555135999429 1.0550445469613237 1.1516805660228921 1.1809746181198095 1.285442601495292 1.3686881651378002
49 588 -0.2713396812731275 -0.04589813081534027 0.07780337160807815 0.3162935515129314 0.6440689509109527 0.7280377582513524 0.7888293394069498 0.7972917066959845 0.8086108826988201 0.8518172947012014 0.92217871001802 0.9585958884187903 0.9803573485772489 1.0030497780398975 1.031234143350105 1.0657342356447348 1.1143057439057773 1.2331695773296132 1.2506592015938738 1.468152192256218
50 600 -0.28592792472075085 -0.047717051304312905 0.08774588093048025 0.29894210162720797 0.6440689509109527 0.7280377582513524 0.7888293394069498 0.7972917066959845 0.8086108826988201 0.8518172947012014 0.92217871001802 0.9585958884187903 0.9803573485772489 1.0030497780398975 1.031234143350105 1.0657342356447348 1.1143057439057773 1.2331695773296132 1.2506592015938738 1.468152192256218
51 612 -0.30558075904718457 -0.048123929707756745 0.09358814328350744 0.29736837155237983 0.6440689509109527 0.7280377582513524 0.7888293394069498 0.7972917066959845 0.8086108826988201 0.8518172947012014 0.92217871001802 0.9585958884187903 0.9803573485772489 1.0030497780398975 1.031234143350105 1.0657342356447348 1.1143057439057773 1.2331695773296132 1.2506592015938738 1.468152192256218
52 624 -0.30177402651316804 -0.05538885135945089 0.09283650176525943 0.320128881774622 0.6440689509109527 0.7280377582513524 0.7888293394069498 0.7972917066959845 0.8086108826988201 0.8518172947012014 0.92217871001802 0.9585958884187903 0.9803573485772489 1.0030497780398975 1.031234143350105 1.0657342356447348 1.1143057439057773 1.2331695773296132 1.2506592015938738 1.468152192256218
53 636 -0.2853368527771723 -0.04382870725676878 0.09062952713240115 0.3416447808700942 0.6440689509109527 0.7280377582513524 0.7888293394069498 0.7972917066959845 0.8086108826988201 0.8518172947012014 0.92217871001802 0.9585958884187903 0.9803573485772489 1.0030497780398975 1.031234143350105 1.0657342356447348 1.1143057439057773 1.2331695773296132 1.2506592015938738 1.468152192256218
54 648 -0.26713419091737833 -0.04924791064472683 0.08275746028322445 0.3065054785100913 0.6440689509109527 0.7280377582513524 0.7888293394069498 0.7972917066959845 0.8086108826988201 0.8518172947012014 0.92217871001802 0.9585958884187903 0.9803573485772489 1.0030497780398975 1.031234143350105 1.0657342356447348 1.1143057439057773 1.2331695773296132 1.2506592015938738 1.468152192256218
55 660 -0.2891333638207451 -0.055711531793758845 0.08838197121611485 0.2969776549997007 0.6440689509109527 0.7280377582513524 0.7888293394069498 0.7972917066959845 0.8086108826988201 0.8518172947012014 0.92217871001802 0.9585958884187903 0.9803573485772489 1.0030497780398975 1.031234143350105 1.0657342356447348 1.1143057439057773 1.2331695773296132 1.2506592015938738 1.468152192256218
56 672 -0.34034364070948175 -0.05827602023243747 0.08795884526929348 0.29332737481684723 0.6440689509109527 0.7280377582513524 0.7888293394069498 0.7972917066959845 0.8086108826988201 0.8518172947012014 0.92217871001802 0.9585958884187903 0.9803573485772489 1.0030497780398975 1.031234143350105 1.0657342356447348 1.1143057439057773 1.2331695773296132 1.2506592015938738 1.468152192256218
57 684 -0.3765961218472837 -0.06574242952784763 0.09129783467737534 0.3030143581175184 0.6440689509109527 0.7280377582513524 0.7888293394069498 0.7972917066959845 0.8086108826988201 0.8518172947012014 0.92217871001802 0.9585958884187903 0.9803573485772489 1.0030497780398975 1.031234143350105 1.0657342356447348 1.1143057439057773 1.2331695773296132 1.2506592015938738 1.468152192256218
58 696 -0.3876508730300943 -0.06736774272719925 0.08072891518183611 0.3044840070044866 0.6440689509109527 0.7280377582513524 0.7888293394069498 0.7972917066959845 0.8086108826988201 0.8518172947012014 0.92217871001802 0.9585958884187903 0.9803573485772489 1.0030497780398975 1.031234143350105 1.0657342356447348 1.1143057439057773 1.2331695773296132 1.2506592015938738 1.468152192256218
59 708 -0.3937718350487363 -0.0666218207983463 0.09178309536670046 0.31672136283357183 0.6440689509109527 0.7280377582513524 0.7888293394069498 0.7972917066959845 0.8086108826988201 0.8518172947012014 0.92217871001802 0.9585958884187903 0.9803573485772489 1.0030497780398975 1.031234143350105 1.0657342356447348 1.1143057439057773 1.2331695773296132 1.2506592015938738 1.468152192256218
60 720 -0.40738649144020594 -0.0700260905544195 0.0952806646705579 0.31675871225242025 0.6440689509109527 0.7280377582513524 0.7888293394069498 0.7972917066959845 0.8086108826988201 0.8518172947012014 0.92217871001802 0.9585958884187903 0.9803573485772489 1.0030497780398975 1.031234143350105 1.0657342356447348 1.1143057439057773 1.2331695773296132 1.2506592015938738 1.468152192256218
61 732 -0.4074138813069055 -0.07299897256609636 0.10589617118158043 0.330469259565913 0.6440689509109527 0.7280377582513524 0.7888293394069498 0.7972917066959845 0.8086108826988201 0.8518172947012014 0.92217871001802 0.9585958884187903 0.9803573485772489 1.0030497780398975 1.031234143350105 1.0657342356447348 1.1143057439057773 1.2331695773296132 1.2506592015938738 1.468152192256218
62 744 -0.405582537134398 -0.08942900657152403 0.10167711327075118 0.35357658820370413 0.6440689509109527 0.7280377582513524 0.7888293394069498 0.7972917066959845 0.8086108826988201 0.8518172947012014 0.92217871001802 0.9585958884187903 0.9803573485772489 1.0030497780398975 1.031234143350105 1.0657342356447348 1.1143057439057773 1.2331695773296132 1.2506592015938738 1.468152192256218
63 756 -0.4055503372323766 -0.08511650518623845 0.09376825352578019 0.35765827838184167 0.6440689509109527 0.7280377582513524 0.7888293394069498 0.7972917066959845 0.8086108826988201 0.8518172947012014 0.92217871001802 0.9585958884187903 0.9803573485772489 1.0030497780398975 1.031234143350105 1.0657342356447348 1.1143057439057773 1.2331695773296132 1.2506592015938738 1.468152192256218
64 768 -0.41680197157038446 -0.09435677083053673 0.10681003853280797 0.3804005610539608 0.6440689509109527 0.7280377582513524 0.7888293394069498 0.7972917066959845 0.8086108826988201 0.8518172947012014 0.92217871001802 0.9585958884187903 0.9803573485772489 1.0030497780398975 1.031234143350105 1.0657342356447348 1.1143057439057773 1.2331695773296132 1.2506592015938738 1.468152192256218
65 780 -0.4202002720840373 -0.0997113881388584 0.10586619916347005 0.3705957854333725 0.5502233378602834 0.66954316903128 0.704170061916643 0.7430259467950311 0.7902603161856387 0.8251676317287258 0.8610840177448817 0.9159304859136937 0.9704562559139647 1.004394314289434 1.0318520462717444 1.0519705124057006 1.1593442428663325 1.1795355841554873 1.2573471732950205 1.6961594239928055
66 792 -0.4073030286838404 -0.09866681320606152 0.11201105220866905 0.3691732503534155 0.5502233378602834 0.66954316903128 0.704170061916643 0.7430259467950311 0.7902603161856387 0.8251676317287258 0.8610840177448817 0.9159304859136937 0.9704562559139647 1.004394314289434 1.0318520462717444 1.0519705124057006 1.1593442428663325 1.1795355841554873 1.2573471732950205 1.6961594239928055
67 804 -0.4001076024876016 -0.09105049030936926 0.10689606191486055 0.3519403504982564 0.5502233378602834 0.66954316903128 0.704170061916643 0.7430259467950311 0.7902603161856387 0.8251676317287258 0.8610840177448817 0.9159304859136937 0.9704562559139647 1.004394314289434 1.0318520462717444 1.0519705124057006 1.1593442428663325 1.1795355841554873 1.2573471732950205 1.6961594239928055
68 816 -0.4034123735861756 -0.09528474185614738 0.10526543226638282 0.3615412278868865 0.5502233378602834 0.66954316903128 0.704170061916643 0.7430259467950311 0.7902603161856387 0.8251676317287258 0.8610840177448817 0.9159304859136937 0.9704562559139647 1.004394314289434 1.0318520462717444 1.0519705124057006 1.1593442428663325 1.1795355841554873 1.2573471732950205 1.6961594239928055
69 828 -0.39979289792625167 -0.09049823716431465 0.10254928729945122 0.36890928898915876 0.5502233378602834 0.66954316903128 0.704170061916643 0.7430259467950311 0.7902603161856387 0.8251676317287258 0.8610840177448817 0.9159304859136937 0.9704562559139647 1.004394314289434 1.0318520462717444 1.0519705124057006 1.1593442428663325 1.1795355841554873 1.2573471732950205 1.6961594239928055
70 840 -0.4134920621300513 -0.09551408702707971 0.10587343847832309 0.3855347941690147 0.5502233378602834 0.66954316903128 0.704170061916643 0.7430259467950311 0.7902603161856387 0.8251676317287258 0.8610840177448817 0.9159304859136937 0.9704562559139647 1.004394314289434 1.0318520462717444 1.0519705124057006 1.1593442428663325 1.1795355841554873 1.2573471732950205 1.6961594239928055
71 852 -0.4330187642347356 -0.09688371924642868 0.1207423694673617 0.39694159487993563 0.5502233378602834 0.66954316903128 0.704170061916643 0.7430259467950311 0.7902603161856387 0.8251676317287258 0.8610840177448817 0.9159304859136937 0.9704562559139647 1.004394314289434 1.0318520462717444 1.0519705124057006 1.1593442428663325 1.1795355841554873 1.2573471732950205 1.6961594239928055
72 864 -0.4577798815499145 -0.10006085042957738 0.12361420756349155 0.40064314854926303 0.5502233378602834 0.66954316903128 0.704170061916643 0.7430259467950311 0.7902603161856387 0.8251676317287258 0.8610840177448817 0.9159304859136937 0.9704562559139647 1.004394314289434 1.0318520462717444 1.0519705124057006 1.1593442428663325 1.1795355841554873 1.2573471732950205 1.6961594239928055
73 876 -0.4669146038284039 -0.09628664454455299 0.12342872121981813 0.40615909127020866 0.5502233378602834 0.66954316903128 0.704170061916643 0.7430259467950311 0.7902603161856387 0.8251676317287258 0.8610840177448817 0.9159304859136937 0.9704562559139647 1.004394314289434 1.0318520462717444 1.0519705124057006 1.1593442428663325 1.1795355841554873 1.2573471732950205 1.6961594239928055
74 888 -0.4647815027008512 -0.08873753864807796 0.12358558758962401 0.4312265113625965 0.5502233378602834 0.66954316903128 0.704170061916643 0.7430259467950311 0.7902603161856387 0.8251676317287258 0.8610840177448817 0.9159304859136937 0.9704562559139647 1.004394314289434 1.0318520462717444 1.0519705124057006 1.1593442428663325 1.1795355841554873 1.2573471732950205 1.6961594239928055
75 900 -0.4687728684043384 -0.09248324726347845 0.12689654468357348 0.4435635389193441 0.5502233378602834 0.66954316903128 0.704170061916643 0.7430259467950311 0.7902603161856387 0.8251676317287258 0.8610840177448817 0.9159304859136937 0.9704562559139647 1.004394314289434 1.0318520462717444 1.0519705124057006 1.1593442428663325 1.1795355841554873 1.2573471732950205 1.6961594239928055
76 912 -0.4761143837488802 -0.08871295192655979 0.12382718842229751 0.44447459544556317 0.5502233378602834 0.66954316903128 0.704170061916643 0.7430259467950311 0.7902603161856387 0.8251676317287258 0.8610840177448817 0.9159304859136937 0.9704562559139647 1.004394314289434 1.0318520462717444 1.0519705124057006 1.1593442428663325 1.1795355841554873 1.2573471732950205 1.6961594239928055
77 924 -0.4816175936547245 -0.08920339433511021 0.12761841005527108 0.43998831199742094 0.5502233378602834 0.66954316903128 0.704170061916643 0.7430259467950311 0.7902603161856387 0.8251676317287258 0.8610840177448817 0.9159304859136937 0.9704562559139647 1.004394314289434 1.0318520462717444 1.0519705124057006 1.1593442428663325 1.1795355841554873 1.2573471732950205 1.6961594239928055
78 936 -0.49193793939570485 -0.08482478822734715 0.12326357271378868 0.4455108536707052 0.5502233378602834 0.66954316903128 0.704170061916643 0.7430259467950311 0.7902603161856387 0.8251676317287258 0.8610840177448817 0.9159304859136937 0.9704562559139647 1.004394314289434 1.0318520462717444 1.0519705124057006 1.1593442428663325 1.1795355841554873 1.2573471732950205 1.6961594239928055
79 948 -0.4651880127745598 -0.09923582349297994 0.11570616093630129 0.4554208286033781 0.5502233378602834 0.66954316903128 0.704170061916643 0.7430259467950311 0.7902603161856387 0.8251676317287258 0.8610840177448817 0.9159304859136937 0.9704562559139647 1.004394314289434 1.0318520462717444 1.0519705124057006 1.1593442428663325 1.1795355841554873 1.2573471732950205 1.6961594239928055
80 960 -0.4641701333468708 -0.0892374609530262 0.1186762295297975 0.4651348684142121 0.5502233378602834 0.66954316903128 0.704170061916643 0.7430259467950311 0.7902603161856387 0.8251676317287258 0.8610840177448817 0.9159304859136937 0.9704562559139647 1.004394314289434 1.0318520462717444 1.0519705124057006 1.1593442428663325 1.1795355841554873 1.2573471732950205 1.6961594239928055
81 972 -0.46502571684394467 -0.09750510097582324 0.11606642685771214 0.47523164801597645 0.5195632870149238 0.6152857123429694 0.6601634336498164 0.6938299659163247 0.7124868845257215 0.7530518150922877 0.8342436216130336 0.8844047034515308 0.916212759686161 0.9655314443247005 1.0149600068021432 1.0965352410733151 1.1707734260873999 1.2205121986718044 1.48376338200501 1.6778732515550332
82 984 -0.4671775755155166 -0.09272672880411795 0.11042303735858802 0.4695998270375995 0.5195632870149238 0.6152857123429694 0.6601634336498164 0.6938299659163247 0.7124868845257215 0.7530518150922877 0.8342436216130336 0.8844047034515308 0.916212759686161 0.9655314443247005 1.0149600068021432 1.0965352410733151 1.1707734260873999 1.2205121986718044 1.48376338200501 1.6778732515550332
83 996 -0.46741278454869684 -0.09453707612214854 0.10860567746323566 0.4531030343384509 0.5195632870149238 0.6152857123429694 0.6601634336498164 0.6938299659163247 0.7124868845257215 0.7530518150922877 0.8342436216130336 0.8844047034515308 0.916212759686161 0.9655314443247005 1.0149600068021432 1.0965352410733151 1.1707734260873999 1.2205121986718044 1.48376338200501 1.6778732515550332
84 1008 -0.4731412174696757 -0.09858072175779825 0.12118581798612318 0.4541214762500816 0.5195632870149238 0.6152857123429694 0.6601634336498164 0.6938299659163247 0.7124868845257215 0.7530518150922877 0.8342436216130336 0.8844047034515308 0.916212759686161 0.9655314443247005 1.0149600068021432 1.0965352410733151 1.1707734260873999 1.2205121986718044 1.48376338200501 1.6778732515550332
85 1020 -0.47236797583986045 -0.10400568954541471 0.1195908917886287 0.4590853670677188 0.5195632870149238 0.6152857123429694 0.6601634336498164 0.6938299659163247 0.7124868845257215 0.7530518150922877 0.8342436216130336 0.8844047034515308 0.916212759686161 0.9655314443247005 1.0149600068021432 1.0965352410733151 1.1707734260873999 1.2205121986718044 1.48376338200501 1.6778732515550332
86 1032 -0.4730007938746529 -0.09724275875213007 0.11486666796233486 0.46818806452952627 0.5195632870149238 0.6152857123429694 0.6601634336498164 0.6938299659163247 0.7124868845257215 0.7530518150922877 0.8342436216130336 0.8844047034515308 0.916212759686161 0.9655314443247005 1.0149600068021432 1.0965352410733151 1.1707734260873999 1.2205121986718044 1.48376338200501 1.6778732515550332
87 1044 -0.47393287777227255 -0.0965397695526107 0.1084075816235091 0.46185755303431225 0.5195632870149238 0.6152857123429694 0.6601634336498164 0.6938299659163247 0.7124868845257215 0.7530518150922877 0.8342436216130336 0.8844047034515308 0.916212759686161 0.9655314443247005 1.0149600068021432 1.0965352410733151 1.1707734260873999 1.2205121986718044 1.48376338200501 1.6778732515550332
88 1056 -0.4832251919966966 -0.09782175887089681 0.10729352491089975 0.4624873077996007 0.5195632870149238 0.6152857123429694 0.6601634336498164 0.6938299659163247 0.7124868845257215 0.7530518150922877 0.8342436216130336 0.8844047034515308 0.916212759686161 0.9655314443247005 1.0149600068021432 1.0965352410733151 1.1707734260873999 1.2205121986718044 1.48376338200501 1.6778732515550332
89 1068 -0.4976809571954268 -0.10338689981818619 0.11806632740194876 0.464265546461748 0.5195632870149238 0.6152857123429694 0.6601634336498164 0.6938299659163247 0.7124868845257215 0.7530518150922877 0.8342436216130336 0.8844047034515308 0.916212759686161 0.9655314443247005 1.0149600068021432 1.0965352410733151 1.1707734260873999 1.2205121986718044 1.48376338200501 1.6778732515550332
90 1080 -0.4823434367617967 -0.09664513647998715 0.12282768285133124 0.4479282711482413 0.5195632870149238 0.6152857123429694 0.6601634336498164 0.6938299659163247 0.7124868845257215 0.7530518150922877 0.8342436216130336 0.8844047034515308 0.916212759686161 0.9655314443247005 1.0149600068021432 1.0965352410733151 1.1707734260873999 1.2205121986718044 1.48376338200501 1.6778732515550332
91 1092 -0.4864863799292788 -0.09598789130888477 0.11164728125658682 0.4402504183035616 0.5195632870149238 0.6152857123429694 0.6601634336498164 0.6938299659163247 0.7124868845257215 0.7530518150922877 0.8342436216130336 0.8844047034515308 0.916212759686161 0.9655314443247005 1.0149600068021432 1.0965352410733151 1.1707734260873999 1.2205121986718044 1.48376338200501 1.6778732515550332
92 1104 -0.47549516366247596 -0.093455916030127 0.10967879939287009 0.44725462578364805 0.5195632870149238 0.6152857123429694 0.6601634336498164 0.6938299659163247 0.7124868845257215 0.7530518150922877 0.8342436216130336 0.8844047034515308 0.916212759686161 0.9655314443247005 1.0149600068021432 1.0965352410733151 1.1707734260873999 1.2205121986718044 1.48376338200501 1.6778732515550332
93 1116 -0.4805455197759593 -0.09144367428104981 0.10505449952743454 0.4538695267251862 0.5195632870149238 0.6152857123429694 0.6601634336498164 0.6938299659163247 0.7124868845257215 0.7530518150922877 0.8342436216130336 0.8844047034515308 0.916212759686161 0.9655314443247005 1.0149600068021432 1.0965352410733151 1.1707734260873999 1.2205121986718044 1.48376338200501 1.6778732515550332
94 1128 -0.46956733015773827 -0.10261093991511663 0.10753808247419444 0.4620126775147101 0.5195632870149238 0.6152857123429694 0.6601634336498164 0.6938299659163247 0.7124868845257215 0.7530518150922877 0.8342436216130336 0.8844047034515308 0.916212759686161 0.9655314443247005 1.0149600068021432 1.0965352410733151 1.1707734260873999 1.2205121986718044 1.48376338200501 1.6778732515550332
95 1140 -0.4917752499575453 -0.10030351392463371 0.1020554414694898 0.4585461421583403 0.5195632870149238 0.6152857123429694 0.6601634336498164 0.6938299659163247 0.7124868845257215 0.7530518150922877 0.8342436216130336 0.8844047034515308 0.916212759686161 0.9655314443247005 1.0149600068021432 1.0965352410733151 1.1707734260873999 1.2205121986718044 1.48376338200501 1.6778732515550332
96 1152 -0.5051535318945632 -0.09658296933745308 0.11631097860560803 0.46987543464784765 0.5195632870149238 0.6152857123429694 0.6601634336498164 0.6938299659163247 0.7124868845257215 0.7530518150922877 0.8342436216130336 0.8844047034515308 0.916212759686161 0.9655314443247005 1.0149600068021432 1.0965352410733151 1.1707734260873999 1.2205121986718044 1.48376338200501 1.6778732515550332
97 1164 -0.49451983141895284 -0.09786145960021513 0.1166003058948076 0.460231580011276 0.4737858850084641 0.5881986144022958 0.6100200382996525 0.6503769592564826 0.6765126841024149 0.754559405395169 0.8203349900173754 0.8552618358797908 0.9101351708835949 1.0047133564266353 1.020144377638555 1.1118873593015808 1.1573192903497753 1.3236331984708576 1.5079603356016673 1.6501099692507548
98 1176 -0.5014231438550477 -0.0952022066531036 0.11905611557958806 0.4639611120920534 0.4737858850084641 0.5881986144022958 0.6100200382996525 0.6503769592564826 0.6765126841024149 0.754559405395169 0.8203349900173754 0.8552618358797908 0.9101351708835949 1.0047133564266353 1.020144377638555 1.1118873593015808 1.1573192903497753 1.3236331984708576 1.5079603356016673 1.6501099692507548
99 1188 -0.48873771079385353 -0.09667428557337143 0.11669217592464871 0.46877136891218574 0.4737858850084641 0.5881986144022958 0.6100200382996525 0.6503769592564826 0.6765126841024149 0.754559405395169 0.8203349900173754 0.8552618358797908 0.9101351708835949 1.0047133564266353 1.020144377638555 1.1118873593015808 1.1573192903497753 1.3236331984708576 1.5079603356016673 1.6501099692507548
100 1200 -0.48603442673365327 -0.09821978078925545 0.1162413024062749 0.4780262104675015 0.4737858850084641 0.5881986144022958 0.6100200382996525 0.6503769592564826 0.6765126841024149 0.754559405395169 0.8203349900173754 0.8552618358797908 0.9101351708835949 1.0047133564266353 1.020144377638555 1.1118873593015808 1.1573192903497753 1.3236331984708576 1.5079603356016673 1.6501099692507548
