% # columns="iteration, evaluation, min max(neg(.)) min(pos(.)) max correlation, correlation matrix principle axes lengths  (sorted square roots of eigenvalues of correlation matrix)", seed=113895, Tue May 11 15:40:03 2021
1 12 -0.034351174779348834 -0.009224693947315817 0.009069440977590675 0.0321081054299812 0.9263091022655464 0.9722050673033518 0.9822739397654315 0.9887630126681195 0.9924357582045202 0.9949323055270792 0.9965129942089407 0.9985925902863055 0.9998173503460275 1.001440234421982 1.0073914650915148 1.0096673634294997 1.0106201564525972 1.026767766509948 1.036845885743225 1.0496534984554127
2 24 -0.034351174779348834 -0.009224693947315817 0.009069440977590675 0.0321081054299812 0.9263091022655464 0.9722050673033518 0.9822739397654315 0.9887630126681195 0.9924357582045202 0.9949323055270792 0.9965129942089407 0.9985925902863055 0.9998173503460275 1.001440234421982 1.0073914650915148 1.0096673634294997 1.0106201564525972 1.026767766509948 1.036845885743225 1.0496534984554127
3 36 -0.034351174779348834 -0.009224693947315817 0.009069440977590675 0.0321081054299812 0.9263091022655464 0.9722050673033518 0.9822739397654315 0.9887630126681195 0.9924357582045202 0.9949323055270792 0.9965129942089407 0.9985925902863055 0.9998173503460275 1.001440234421982 1.0073914650915148 1.0096673634294997 1.0106201564525972 1.026767766509948 1.036845885743225 1.0496534984554127
4 48 -0.034351174779348834 -0.009224693947315817 0.009069440977590675 0.0321081054299812 0.9263091022655464 0.9722050673033518 0.9822739397654315 0.9887630126681195 0.9924357582045202 0.9949323055270792 0.9965129942089407 0.9985925902863055 0.9998173503460275 1.001440234421982 1.0073914650915148 1.0096673634294997 1.0106201564525972 1.026767766509948 1.036845885743225 1.0496534984554127
5 60 -0.034351174779348834 -0.009224693947315817 0.009069440977590675 0.0321081054299812 0.9263091022655464 0.9722050673033518 0.9822739397654315 0.9887630126681195 0.9924357582045202 0.9949323055270792 0.9965129942089407 0.9985925902863055 0.9998173503460275 1.001440234421982 1.0073914650915148 1.0096673634294997 1.0106201564525972 1.026767766509948 1.036845885743225 1.0496534984554127
6 72 -0.034351174779348834 -0.009224693947315817 0.009069440977590675 0.0321081054299812 0.9263091022655464 0.9722050673033518 0.9822739397654315 0.9887630126681195 0.9924357582045202 0.9949323055270792 0.9965129942089407 0.9985925902863055 0.9998173503460275 1.001440234421982 1.0073914650915148 1.0096673634294997 1.0106201564525972 1.026767766509948 1.036845885743225 1.0496534984554127
7 84 -0.034351174779348834 -0.009224693947315817 0.009069440977590675 0.0321081054299812 0.9263091022655464 0.9722050673033518 0.9822739397654315 0.9887630126681195 0.9924357582045202 0.9949323055270792 0.9965129942089407 0.9985925902863055 0.9998173503460275 1.001440234421982 1.0073914650915148 1.0096673634294997 1.0106201564525972 1.026767766509948 1.036845885743225 1.0496534984554127
8 96 -0.034351174779348834 -0.009224693947315817 0.009069440977590675 0.0321081054299812 0.9263091022655464 0.9722050673033518 0.9822739397654315 0.9887630126681195 0.9924357582045202 0.9949323055270792 0.9965129942089407 0.9985925902863055 0.9998173503460275 1.001440234421982 1.0073914650915148 1.0096673634294997 1.0106201564525972 1.026767766509948 1.036845885743225 1.0496534984554127
9 108 -0.034351174779348834 -0.009224693947315817 0.009069440977590675 0.0321081054299812 0.9263091022655464 0.9722050673033518 0.9822739397654315 0.9887630126681195 0.9924357582045202 0.9949323055270792 0.9965129942089407 0.9985925902863055 0.9998173503460275 1.001440234421982 1.0073914650915148 1.0096673634294997 1.0106201564525972 1.026767766509948 1.036845885743225 1.0496534984554127
10 120 -0.034351174779348834 -0.009224693947315817 0.009069440977590675 0.0321081054299812 0.9263091022655464 0.9722050673033518 0.9822739397654315 0.9887630126681195 0.9924357582045202 0.9949323055270792 0.9965129942089407 0.9985925902863055 0.9998173503460275 1.001440234421982 1.0073914650915148 1.0096673634294997 1.0106201564525972 1.026767766509948 1.036845885743225 1.0496534984554127
11 132 -0.034351174779348834 -0.009224693947315817 0.009069440977590675 0.0321081054299812 0.9263091022655464 0.9722050673033518 0.9822739397654315 0.9887630126681195 0.9924357582045202 0.9949323055270792 0.9965129942089407 0.9985925902863055 0.9998173503460275 1.001440234421982 1.0073914650915148 1.0096673634294997 1.0106201564525972 1.026767766509948 1.036845885743225 1.0496534984554127
12 144 -0.034351174779348834 -0.009224693947315817 0.009069440977590675 0.0321081054299812 0.9263091022655464 0.9722050673033518 0.9822739397654315 0.9887630126681195 0.9924357582045202 0.9949323055270792 0.9965129942089407 0.9985925902863055 0.9998173503460275 1.001440234421982 1.0073914650915148 1.0096673634294997 1.0106201564525972 1.026767766509948 1.036845885743225 1.0496534984554127
13 156 -0.034351174779348834 -0.009224693947315817 0.009069440977590675 0.0321081054299812 0.9263091022655464 0.9722050673033518 0.9822739397654315 0.9887630126681195 0.9924357582045202 0.9949323055270792 0.9965129942089407 0.9985925902863055 0.9998173503460275 1.001440234421982 1.0073914650915148 1.0096673634294997 1.0106201564525972 1.026767766509948 1.036845885743225 1.0496534984554127
14 168 -0.034351174779348834 -0.009224693947315817 0.009069440977590675 0.0321081054299812 0.9263091022655464 0.9722050673033518 0.9822739397654315 0.9887630126681195 0.9924357582045202 0.9949323055270792 0.9965129942089407 0.9985925902863055 0.9998173503460275 1.001440234421982 1.0073914650915148 1.0096673634294997 1.0106201564525972 1.026767766509948 1.036845885743225 1.0496534984554127
15 180 -0.034351174779348834 -0.009224693947315817 0.009069440977590675 0.0321081054299812 0.9263091022655464 0.9722050673033518 0.9822739397654315 0.9887630126681195 0.9924357582045202 0.9949323055270792 0.9965129942089407 0.9985925902863055 0.9998173503460275 1.001440234421982 1.0073914650915148 1.0096673634294997 1.0106201564525972 1.026767766509948 1.036845885743225 1.0496534984554127
16 192 -0.034351174779348834 -0.009224693947315817 0.009069440977590675 0.0321081054299812 0.9263091022655464 0.9722050673033518 0.9822739397654315 0.9887630126681195 0.9924357582045202 0.9949323055270792 0.9965129942089407 0.9985925902863055 0.9998173503460275 1.001440234421982 1.0073914650915148 1.0096673634294997 1.0106201564525972 1.026767766509948 1.036845885743225 1.0496534984554127
17 204 -0.23713887722196586 -0.0447560418983461 0.030969080911076537 0.1725487998624899 0.7200475142092193 0.7648593341079045 0.8503988336666538 0.9063880826716223 0.9467439242068224 0.953985056661246 0.9637654036469256 0.9836698397420434 0.9959353909842107 1.0160523638165728 1.0585629627133222 1.0721423876472962 1.0962266480066503 1.133319678489182 1.1938986176909392 1.2013025302280902
18 216 -0.23713887722196586 -0.0447560418983461 0.030969080911076537 0.1725487998624899 0.7200475142092193 0.7648593341079045 0.8503988336666538 0.9063880826716223 0.9467439242068224 0.953985056661246 0.9637654036469256 0.9836698397420434 0.9959353909842107 1.0160523638165728 1.0585629627133222 1.0721423876472962 1.0962266480066503 1.133319678489182 1.1938986176909392 1.2013025302280902
19 228 -0.23713887722196586 -0.0447560418983461 0.030969080911076537 0.1725487998624899 0.7200475142092193 0.7648593341079045 0.8503988336666538 0.9063880826716223 0.9467439242068224 0.953985056661246 0.9637654036469256 0.9836698397420434 0.9959353909842107 1.0160523638165728 1.0585629627133222 1.0721423876472962 1.0962266480066503 1.133319678489182 1.1938986176909392 1.2013025302280902
20 240 -0.23713887722196586 -0.0447560418983461 0.030969080911076537 0.1725487998624899 0.7200475142092193 0.7648593341079045 0.8503988336666538 0.9063880826716223 0.9467439242068224 0.953985056661246 0.9637654036469256 0.9836698397420434 0.9959353909842107 1.0160523638165728 1.0585629627133222 1.0721423876472962 1.0962266480066503 1.133319678489182 1.1938986176909392 1.2013025302280902
21 252 -0.23713887722196586 -0.0447560418983461 0.030969080911076537 0.1725487998624899 0.7200475142092193 0.7648593341079045 0.8503988336666538 0.9063880826716223 0.9467439242068224 0.953985056661246 0.9637654036469256 0.9836698397420434 0.9959353909842107 1.0160523638165728 1.0585629627133222 1.0721423876472962 1.0962266480066503 1.133319678489182 1.1938986176909392 1.2013025302280902
22 264 -0.23713887722196586 -0.0447560418983461 0.030969080911076537 0.1725487998624899 0.7200475142092193 0.7648593341079045 0.8503988336666538 0.9063880826716223 0.9467439242068224 0.953985056661246 0.9637654036469256 0.9836698397420434 0.9959353909842107 1.0160523638165728 1.0585629627133222 1.0721423876472962 1.0962266480066503 1.133319678489182 1.1938986176909392 1.2013025302280902
23 276 -0.23713887722196586 -0.0447560418983461 0.030969080911076537 0.1725487998624899 0.7200475142092193 0.7648593341079045 0.8503988336666538 0.9063880826716223 0.9467439242068224 0.953985056661246 0.9637654036469256 0.9836698397420434 0.9959353909842107 1.0160523638165728 1.0585629627133222 1.0721423876472962 1.0962266480066503 1.133319678489182 1.1938986176909392 1.2013025302280902
24 288 -0.23713887722196586 -0.0447560418983461 0.030969080911076537 0.1725487998624899 0.7200475142092193 0.7648593341079045 0.8503988336666538 0.9063880826716223 0.9467439242068224 0.953985056661246 0.9637654036469256 0.9836698397420434 0.9959353909842107 1.0160523638165728 1.0585629627133222 1.0721423876472962 1.0962266480066503 1.133319678489182 1.1938986176909392 1.2013025302280902
25 300 -0.23713887722196586 -0.0447560418983461 0.030969080911076537 0.1725487998624899 0.7200475142092193 0.7648593341079045 0.8503988336666538 0.9063880826716223 0.9467439242068224 0.953985056661246 0.9637654036469256 0.9836698397420434 0.9959353909842107 1.0160523638165728 1.0585629627133222 1.0721423876472962 1.0962266480066503 1.133319678489182 1.1938986176909392 1.2013025302280902
26 312 -0.23713887722196586 -0.0447560418983461 0.030969080911076537 0.1725487998624899 0.7200475142092193 0.7648593341079045 0.8503988336666538 0.9063880826716223 0.9467439242068224 0.953985056661246 0.9637654036469256 0.9836698397420434 0.9959353909842107 1.0160523638165728 1.0585629627133222 1.0721423876472962 1.0962266480066503 1.133319678489182 1.1938986176909392 1.2013025302280902
27 324 -0.23713887722196586 -0.0447560418983461 0.030969080911076537 0.1725487998624899 0.7200475142092193 0.7648593341079045 0.8503988336666538 0.9063880826716223 0.9467439242068224 0.953985056661246 0.9637654036469256 0.9836698397420434 0.9959353909842107 1.0160523638165728 1.0585629627133222 1.0721423876472962 1.0962266480066503 1.133319678489182 1.1938986176909392 1.2013025302280902
28 336 -0.23713887722196586 -0.0447560418983461 0.030969080911076537 0.1725487998624899 0.7200475142092193 0.7648593341079045 0.8503988336666538 0.9063880826716223 0.9467439242068224 0.953985056661246 0.9637654036469256 0.9836698397420434 0.9959353909842107 1.0160523638165728 1.0585629627133222 1.0721423876472962 1.0962266480066503 1.133319678489182 1.1938986176909392 1.2013025302280902
29 348 -0.23713887722196586 -0.0447560418983461 0.030969080911076537 0.1725487998624899 0.7200475142092193 0.7648593341079045 0.8503988336666538 0.9063880826716223 0.9467439242068224 0.953985056661246 0.9637654036469256 0.9836698397420434 0.9959353909842107 1.0160523638165728 1.0585629627133222 1.0721423876472962 1.0962266480066503 1.133319678489182 1.1938986176909392 1.2013025302280902
30 360 -0.23713887722196586 -0.0447560418983461 0.030969080911076537 0.1725487998624899 0.7200475142092193 0.7648593341079045 0.8503988336666538 0.9063880826716223 0.9467439242068224 0.953985056661246 0.9637654036469256 0.9836698397420434 0.9959353909842107 1.0160523638165728 1.0585629627133222 1.0721423876472962 1.0962266480066503 1.133319678489182 1.1938986176909392 1.2013025302280902
31 372 -0.23713887722196586 -0.0447560418983461 0.030969080911076537 0.1725487998624899 0.7200475142092193 0.7648593341079045 0.8503988336666538 0.9063880826716223 0.9467439242068224 0.953985056661246 0.9637654036469256 0.9836698397420434 0.9959353909842107 1.0160523638165728 1.0585629627133222 1.0721423876472962 1.0962266480066503 1.133319678489182 1.1938986176909392 1.2013025302280902
32 384 -0.23713887722196586 -0.0447560418983461 0.030969080911076537 0.1725487998624899 0.7200475142092193 0.7648593341079045 0.8503988336666538 0.9063880826716223 0.9467439242068224 0.953985056661246 0.9637654036469256 0.9836698397420434 0.9959353909842107 1.0160523638165728 1.0585629627133222 1.0721423876472962 1.0962266480066503 1.133319678489182 1.1938986176909392 1.2013025302280902
33 396 -0.23742450230939072 -0.07121880594103794 0.039162490919738516 0.21530367519844268 0.6717901868193036 0.7240265939824102 0.7920809545149943 0.8200059887488238 0.8919917900037928 0.9056945316689196 0.9649169683398414 0.9777217015801599 1.0016411097139204 1.018305398722753 1.0656964455884037 1.1167259491543307 1.1272665212887345 1.1966947883240684 1.2091929459776767 1.2781911406109367
34 408 -0.23742450230939072 -0.07121880594103794 0.039162490919738516 0.21530367519844268 0.6717901868193036 0.7240265939824102 0.7920809545149943 0.8200059887488238 0.8919917900037928 0.9056945316689196 0.9649169683398414 0.9777217015801599 1.0016411097139204 1.018305398722753 1.0656964455884037 1.1167259491543307 1.1272665212887345 1.1966947883240684 1.2091929459776767 1.2781911406109367
35 420 -0.23742450230939072 -0.07121880594103794 0.039162490919738516 0.21530367519844268 0.6717901868193036 0.7240265939824102 0.7920809545149943 0.8200059887488238 0.8919917900037928 0.9056945316689196 0.9649169683398414 0.9777217015801599 1.0016411097139204 1.018305398722753 1.0656964455884037 1.1167259491543307 1.1272665212887345 1.1966947883240684 1.2091929459776767 1.2781911406109367
36 432 -0.23742450230939072 -0.07121880594103794 0.039162490919738516 0.21530367519844268 0.6717901868193036 0.7240265939824102 0.7920809545149943 0.8200059887488238 0.8919917900037928 0.9056945316689196 0.9649169683398414 0.9777217015801599 1.0016411097139204 1.018305398722753 1.0656964455884037 1.1167259491543307 1.1272665212887345 1.1966947883240684 1.2091929459776767 1.2781911406109367
37 444 -0.23742450230939072 -0.07121880594103794 0.039162490919738516 0.21530367519844268 0.6717901868193036 0.7240265939824102 0.7920809545149943 0.8200059887488238 0.8919917900037928 0.9056945316689196 0.9649169683398414 0.9777217015801599 1.0016411097139204 1.018305398722753 1.0656964455884037 1.1167259491543307 1.1272665212887345 1.1966947883240684 1.2091929459776767 1.2781911406109367
38 456 -0.23742450230939072 -0.07121880594103794 0.039162490919738516 0.21530367519844268 0.6717901868193036 0.7240265939824102 0.7920809545149943 0.8200059887488238 0.8919917900037928 0.9056945316689196 0.9649169683398414 0.9777217015801599 1.0016411097139204 1.018305398722753 1.0656964455884037 1.1167259491543307 1.1272665212887345 1.1966947883240684 1.2091929459776767 1.2781911406109367
39 468 -0.23742450230939072 -0.07121880594103794 0.039162490919738516 0.21530367519844268 0.6717901868193036 0.7240265939824102 0.7920809545149943 0.8200059887488238 0.8919917900037928 0.9056945316689196 0.9649169683398414 0.9777217015801599 1.0016411097139204 1.018305398722753 1.0656964455884037 1.1167259491543307 1.1272665212887345 1.1966947883240684 1.2091929459776767 1.2781911406109367
40 480 -0.23742450230939072 -0.07121880594103794 0.039162490919738516 0.21530367519844268 0.6717901868193036 0.7240265939824102 0.7920809545149943 0.8200059887488238 0.8919917900037928 0.9056945316689196 0.9649169683398414 0.9777217015801599 1.0016411097139204 1.018305398722753 1.0656964455884037 1.1167259491543307 1.1272665212887345 1.1966947883240684 1.2091929459776767 1.2781911406109367
41 492 -0.23742450230939072 -0.07121880594103794 0.039162490919738516 0.21530367519844268 0.6717901868193036 0.7240265939824102 0.7920809545149943 0.8200059887488238 0.8919917900037928 0.9056945316689196 0.9649169683398414 0.9777217015801599 1.0016411097139204 1.018305398722753 1.0656964455884037 1.1167259491543307 1.1272665212887345 1.1966947883240684 1.2091929459776767 1.2781911406109367
42 504 -0.23742450230939072 -0.07121880594103794 0.039162490919738516 0.21530367519844268 0.6717901868193036 0.7240265939824102 0.7920809545149943 0.8200059887488238 0.8919917900037928 0.9056945316689196 0.9649169683398414 0.9777217015801599 1.0016411097139204 1.018305398722753 1.0656964455884037 1.1167259491543307 1.1272665212887345 1.1966947883240684 1.2091929459776767 1.2781911406109367
43 516 -0.23742450230939072 -0.07121880594103794 0.039162490919738516 0.21530367519844268 0.6717901868193036 0.7240265939824102 0.7920809545149943 0.8200059887488238 0.8919917900037928 0.9056945316689196 0.9649169683398414 0.9777217015801599 1.0016411097139204 1.018305398722753 1.0656964455884037 1.1167259491543307 1.1272665212887345 1.1966947883240684 1.2091929459776767 1.2781911406109367
44 528 -0.23742450230939072 -0.07121880594103794 0.039162490919738516 0.21530367519844268 0.6717901868193036 0.7240265939824102 0.7920809545149943 0.8200059887488238 0.8919917900037928 0.9056945316689196 0.9649169683398414 0.9777217015801599 1.0016411097139204 1.018305398722753 1.0656964455884037 1.1167259491543307 1.1272665212887345 1.1966947883240684 1.2091929459776767 1.2781911406109367
45 540 -0.23742450230939072 -0.07121880594103794 0.039162490919738516 0.21530367519844268 0.6717901868193036 0.7240265939824102 0.7920809545149943 0.8200059887488238 0.8919917900037928 0.9056945316689196 0.9649169683398414 0.9777217015801599 1.0016411097139204 1.018305398722753 1.0656964455884037 1.1167259491543307 1.1272665212887345 1.1966947883240684 1.2091929459776767 1.2781911406109367
46 552 -0.23742450230939072 -0.07121880594103794 0.039162490919738516 0.21530367519844268 0.6717901868193036 0.7240265939824102 0.7920809545149943 0.8200059887488238 0.8919917900037928 0.9056945316689196 0.9649169683398414 0.9777217015801599 1.0016411097139204 1.018305398722753 1.0656964455884037 1.1167259491543307 1.1272665212887345 1.1966947883240684 1.2091929459776767 1.2781911406109367
47 564 -0.23742450230939072 -0.07121880594103794 0.039162490919738516 0.21530367519844268 0.6717901868193036 0.7240265939824102 0.7920809545149943 0.8200059887488238 0.8919917900037928 0.9056945316689196 0.9649169683398414 0.9777217015801599 1.0016411097139204 1.018305398722753 1.0656964455884037 1.1167259491543307 1.1272665212887345 1.1966947883240684 1.2091929459776767 1.2781911406109367
48 576 -0.23742450230939072 -0.07121880594103794 0.039162490919738516 0.21530367519844268 0.6717901868193036 0.7240265939824102 0.7920809545149943 0.8200059887488238 0.8919917900037928 0.9056945316689196 0.9649169683398414 0.9777217015801599 1.0016411097139204 1.018305398722753 1.0656964455884037 1.1167259491543307 1.1272665212887345 1.1966947883240684 1.2091929459776767 1.2781911406109367
49 588 -0.24302404417292361 -0.08021767974221736 0.05210152453969548 0.2792259598006377 0.6054823621514027 0.7289743698811985 0.7451404944427676 0.8230802497397658 0.8628155681814342 0.8955648104155495 0.91585157357976 0.9630584697111966 0.9809977239105068 1.0065151771723209 1.0981857588528197 1.1220402503918665 1.1450672268195465 1.1613706873944791 1.245118548963422 1.3805225890427784
50 600 -0.24302404417292361 -0.08021767974221736 0.05210152453969548 0.2792259598006377 0.6054823621514027 0.7289743698811985 0.7451404944427676 0.8230802497397658 0.8628155681814342 0.8955648104155495 0.91585157357976 0.9630584697111966 0.9809977239105068 1.0065151771723209 1.0981857588528197 1.1220402503918665 1.1450672268195465 1.1613706873944791 1.245118548963422 1.3805225890427784
51 612 -0.24302404417292361 -0.08021767974221736 0.05210152453969548 0.2792259598006377 0.6054823621514027 0.7289743698811985 0.7451404944427676 0.8230802497397658 0.8628155681814342 0.8955648104155495 0.91585157357976 0.9630584697111966 0.9809977239105068 1.0065151771723209 1.0981857588528197 1.1220402503918665 1.1450672268195465 1.1613706873944791 1.245118548963422 1.3805225890427784
52 624 -0.24302404417292361 -0.08021767974221736 0.05210152453969548 0.2792259598006377 0.6054823621514027 0.7289743698811985 0.7451404944427676 0.8230802497397658 0.8628155681814342 0.8955648104155495 0.91585157357976 0.9630584697111966 0.9809977239105068 1.0065151771723209 1.0981857588528197 1.1220402503918665 1.1450672268195465 1.1613706873944791 1.245118548963422 1.3805225890427784
53 636 -0.24302404417292361 -0.08021767974221736 0.05210152453969548 0.2792259598006377 0.6054823621514027 0.7289743698811985 0.7451404944427676 0.8230802497397658 0.8628155681814342 0.8955648104155495 0.91585157357976 0.9630584697111966 0.9809977239105068 1.0065151771723209 1.0981857588528197 1.1220402503918665 1.1450672268195465 1.1613706873944791 1.245118548963422 1.3805225890427784
54 648 -0.24302404417292361 -0.08021767974221736 0.05210152453969548 0.2792259598006377 0.6054823621514027 0.7289743698811985 0.7451404944427676 0.8230802497397658 0.8628155681814342 0.8955648104155495 0.91585157357976 0.9630584697111966 0.9809977239105068 1.0065151771723209 1.0981857588528197 1.1220402503918665 1.1450672268195465 1.1613706873944791 1.245118548963422 1.3805225890427784
55 660 -0.24302404417292361 -0.08021767974221736 0.05210152453969548 0.2792259598006377 0.6054823621514027 0.7289743698811985 0.7451404944427676 0.8230802497397658 0.8628155681814342 0.8955648104155495 0.91585157357976 0.9630584697111966 0.9809977239105068 1.0065151771723209 1.0981857588528197 1.1220402503918665 1.1450672268195465 1.1613706873944791 1.245118548963422 1.3805225890427784
56 672 -0.24302404417292361 -0.08021767974221736 0.05210152453969548 0.2792259598006377 0.6054823621514027 0.7289743698811985 0.7451404944427676 0.8230802497397658 0.8628155681814342 0.8955648104155495 0.91585157357976 0.9630584697111966 0.9809977239105068 1.0065151771723209 1.0981857588528197 1.1220402503918665 1.1450672268195465 1.1613706873944791 1.245118548963422 1.3805225890427784
57 684 -0.24302404417292361 -0.08021767974221736 0.05210152453969548 0.2792259598006377 0.6054823621514027 0.7289743698811985 0.7451404944427676 0.8230802497397658 0.8628155681814342 0.8955648104155495 0.91585157357976 0.9630584697111966 0.9809977239105068 1.0065151771723209 1.0981857588528197 1.1220402503918665 1.1450672268195465 1.1613706873944791 1.245118548963422 1.3805225890427784
58 696 -0.24302404417292361 -0.08021767974221736 0.05210152453969548 0.2792259598006377 0.6054823621514027 0.7289743698811985 0.7451404944427676 0.8230802497397658 0.8628155681814342 0.8955648104155495 0.91585157357976 0.9630584697111966 0.9809977239105068 1.0065151771723209 1.0981857588528197 1.1220402503918665 1.1450672268195465 1.1613706873944791 1.245118548963422 1.3805225890427784
59 708 -0.24302404417292361 -0.08021767974221736 0.05210152453969548 0.2792259598006377 0.6054823621514027 0.7289743698811985 0.7451404944427676 0.8230802497397658 0.8628155681814342 0.8955648104155495 0.91585157357976 0.9630584697111966 0.9809977239105068 1.0065151771723209 1.0981857588528197 1.1220402503918665 1.1450672268195465 1.1613706873944791 1.245118548963422 1.3805225890427784
60 720 -0.24302404417292361 -0.08021767974221736 0.05210152453969548 0.2792259598006377 0.6054823621514027 0.7289743698811985 0.7451404944427676 0.8230802497397658 0.8628155681814342 0.8955648104155495 0.91585157357976 0.9630584697111966 0.9809977239105068 1.0065151771723209 1.0981857588528197 1.1220402503918665 1.1450672268195465 1.1613706873944791 1.245118548963422 1.3805225890427784
61 732 -0.24302404417292361 -0.08021767974221736 0.05210152453969548 0.2792259598006377 0.6054823621514027 0.7289743698811985 0.7451404944427676 0.8230802497397658 0.8628155681814342 0.8955648104155495 0.91585157357976 0.9630584697111966 0.9809977239105068 1.0065151771723209 1.0981857588528197 1.1220402503918665 1.1450672268195465 1.1613706873944791 1.245118548963422 1.3805225890427784
62 744 -0.24302404417292361 -0.08021767974221736 0.05210152453969548 0.2792259598006377 0.6054823621514027 0.7289743698811985 0.7451404944427676 0.8230802497397658 0.8628155681814342 0.8955648104155495 0.91585157357976 0.9630584697111966 0.9809977239105068 1.0065151771723209 1.0981857588528197 1.1220402503918665 1.1450672268195465 1.1613706873944791 1.245118548963422 1.3805225890427784
63 756 -0.24302404417292361 -0.08021767974221736 0.05210152453969548 0.2792259598006377 0.6054823621514027 0.7289743698811985 0.7451404944427676 0.8230802497397658 0.8628155681814342 0.8955648104155495 0.91585157357976 0.9630584697111966 0.9809977239105068 1.0065151771723209 1.0981857588528197 1.1220402503918665 1.1450672268195465 1.1613706873944791 1.245118548963422 1.3805225890427784
64 768 -0.24302404417292361 -0.08021767974221736 0.05210152453969548 0.2792259598006377 0.6054823621514027 0.7289743698811985 0.7451404944427676 0.8230802497397658 0.8628155681814342 0.8955648104155495 0.91585157357976 0.9630584697111966 0.9809977239105068 1.0065151771723209 1.0981857588528197 1.1220402503918665 1.1450672268195465 1.1613706873944791 1.245118548963422 1.3805225890427784
65 780 -0.2758169356625445 -0.10043267341794844 0.07618479591221919 0.34436229382938804 0.48314921331303906 0.6970703240884003 0.7138960869152897 0.7648235744303337 0.8448802335208829 0.8752759192481736 0.8849062572933419 0.937464060362358 0.970904561996031 1.010548259180533 1.0716830542998392 1.1268170293878843 1.1658559745542594 1.2303428017737161 1.2647316682112864 1.4797412579463562
66 792 -0.2758169356625445 -0.10043267341794844 0.07618479591221919 0.34436229382938804 0.48314921331303906 0.6970703240884003 0.7138960869152897 0.7648235744303337 0.8448802335208829 0.8752759192481736 0.8849062572933419 0.937464060362358 0.970904561996031 1.010548259180533 1.0716830542998392 1.1268170293878843 1.1658559745542594 1.2303428017737161 1.2647316682112864 1.4797412579463562
67 804 -0.2758169356625445 -0.10043267341794844 0.07618479591221919 0.34436229382938804 0.48314921331303906 0.6970703240884003 0.7138960869152897 0.7648235744303337 0.8448802335208829 0.8752759192481736 0.8849062572933419 0.937464060362358 0.970904561996031 1.010548259180533 1.0716830542998392 1.1268170293878843 1.1658559745542594 1.2303428017737161 1.2647316682112864 1.4797412579463562
68 816 -0.2758169356625445 -0.10043267341794844 0.07618479591221919 0.34436229382938804 0.48314921331303906 0.6970703240884003 0.7138960869152897 0.7648235744303337 0.8448802335208829 0.8752759192481736 0.8849062572933419 0.937464060362358 0.970904561996031 1.010548259180533 1.0716830542998392 1.1268170293878843 1.1658559745542594 1.2303428017737161 1.2647316682112864 1.4797412579463562
69 828 -0.2758169356625445 -0.10043267341794844 0.07618479591221919 0.34436229382938804 0.48314921331303906 0.6970703240884003 0.7138960869152897 0.7648235744303337 0.8448802335208829 0.8752759192481736 0.8849062572933419 0.937464060362358 0.970904561996031 1.010548259180533 1.0716830542998392 1.1268170293878843 1.1658559745542594 1.2303428017737161 1.2647316682112864 1.4797412579463562
70 840 -0.2758169356625445 -0.10043267341794844 0.07618479591221919 0.34436229382938804 0.48314921331303906 0.6970703240884003 0.7138960869152897 0.7648235744303337 0.8448802335208829 0.8752759192481736 0.8849062572933419 0.937464060362358 0.970904561996031 1.010548259180533 1.0716830542998392 1.1268170293878843 1.1658559745542594 1.2303428017737161 1.2647316682112864 1.4797412579463562
71 852 -0.2758169356625445 -0.10043267341794844 0.07618479591221919 0.34436229382938804 0.48314921331303906 0.6970703240884003 0.7138960869152897 0.7648235744303337 0.8448802335208829 0.8752759192481736 0.8849062572933419 0.937464060362358 0.970904561996031 1.010548259180533 1.0716830542998392 1.1268170293878843 1.1658559745542594 1.2303428017737161 1.2647316682112864 1.4797412579463562
72 864 -0.2758169356625445 -0.10043267341794844 0.07618479591221919 0.34436229382938804 0.48314921331303906 0.6970703240884003 0.7138960869152897 0.7648235744303337 0.8448802335208829 0.8752759192481736 0.8849062572933419 0.937464060362358 0.970904561996031 1.010548259180533 1.0716830542998392 1.1268170293878843 1.1658559745542594 1.2303428017737161 1.2647316682112864 1.4797412579463562
73 876 -0.2758169356625445 -0.10043267341794844 0.07618479591221919 0.34436229382938804 0.48314921331303906 0.6970703240884003 0.7138960869152897 0.7648235744303337 0.8448802335208829 0.8752759192481736 0.8849062572933419 0.937464060362358 0.970904561996031 1.010548259180533 1.0716830542998392 1.1268170293878843 1.1658559745542594 1.2303428017737161 1.2647316682112864 1.4797412579463562
74 888 -0.2758169356625445 -0.10043267341794844 0.07618479591221919 0.34436229382938804 0.48314921331303906 0.6970703240884003 0.7138960869152897 0.7648235744303337 0.8448802335208829 0.8752759192481736 0.8849062572933419 0.937464060362358 0.970904561996031 1.010548259180533 1.0716830542998392 1.1268170293878843 1.1658559745542594 1.2303428017737161 1.2647316682112864 1.4797412579463562
75 900 -0.2758169356625445 -0.10043267341794844 0.07618479591221919 0.34436229382938804 0.48314921331303906 0.6970703240884003 0.7138960869152897 0.7648235744303337 0.8448802335208829 0.8752759192481736 0.8849062572933419 0.937464060362358 0.970904561996031 1.010548259180533 1.0716830542998392 1.1268170293878843 1.1658559745542594 1.2303428017737161 1.2647316682112864 1.4797412579463562
76 912 -0.2758169356625445 -0.10043267341794844 0.07618479591221919 0.34436229382938804 0.48314921331303906 0.6970703240884003 0.7138960869152897 0.7648235744303337 0.8448802335208829 0.8752759192481736 0.8849062572933419 0.937464060362358 0.970904561996031 1.010548259180533 1.0716830542998392 1.1268170293878843 1.1658559745542594 1.2303428017737161 1.2647316682112864 1.4797412579463562
77 924 -0.2758169356625445 -0.10043267341794844 0.07618479591221919 0.34436229382938804 0.48314921331303906 0.6970703240884003 0.7138960869152897 0.7648235744303337 0.8448802335208829 0.8752759192481736 0.8849062572933419 0.937464060362358 0.970904561996031 1.010548259180533 1.0716830542998392 1.1268170293878843 1.1658559745542594 1.2303428017737161 1.2647316682112864 1.4797412579463562
78 936 -0.2758169356625445 -0.10043267341794844 0.07618479591221919 0.34436229382938804 0.48314921331303906 0.6970703240884003 0.7138960869152897 0.7648235744303337 0.8448802335208829 0.8752759192481736 0.8849062572933419 0.937464060362358 0.970904561996031 1.010548259180533 1.0716830542998392 1.1268170293878843 1.1658559745542594 1.2303428017737161 1.2647316682112864 1.4797412579463562
79 948 -0.2758169356625445 -0.10043267341794844 0.07618479591221919 0.34436229382938804 0.48314921331303906 0.6970703240884003 0.7138960869152897 0.7648235744303337 0.8448802335208829 0.8752759192481736 0.8849062572933419 0.937464060362358 0.970904561996031 1.010548259180533 1.0716830542998392 1.1268170293878843 1.1658559745542594 1.2303428017737161 1.2647316682112864 1.4797412579463562
80 960 -0.2758169356625445 -0.10043267341794844 0.07618479591221919 0.34436229382938804 0.48314921331303906 0.6970703240884003 0.7138960869152897 0.7648235744303337 0.8448802335208829 0.8752759192481736 0.8849062572933419 0.937464060362358 0.970904561996031 1.010548259180533 1.0716830542998392 1.1268170293878843 1.1658559745542594 1.2303428017737161 1.2647316682112864 1.4797412579463562
81 972 -0.3652817318897778 -0.11905472446010137 0.08491608142269413 0.37450269901843625 0.46705438060812693 0.5453904487347565 0.6899756513629159 0.7221256412391236 0.7899718999301084 0.815344834631769 0.8752411253292119 0.9449104322461084 0.9854257865528401 1.0019118393158606 1.1064360924375498 1.1708576758036664 1.202807428605412 1.2352596682896984 1.294226952868755 1.5236458466963716
82 984 -0.3652817318897778 -0.11905472446010137 0.08491608142269413 0.37450269901843625 0.46705438060812693 0.5453904487347565 0.6899756513629159 0.7221256412391236 0.7899718999301084 0.815344834631769 0.8752411253292119 0.9449104322461084 0.9854257865528401 1.0019118393158606 1.1064360924375498 1.1708576758036664 1.202807428605412 1.2352596682896984 1.294226952868755 1.5236458466963716
83 996 -0.3652817318897778 -0.11905472446010137 0.08491608142269413 0.37450269901843625 0.46705438060812693 0.5453904487347565 0.6899756513629159 0.7221256412391236 0.7899718999301084 0.815344834631769 0.8752411253292119 0.9449104322461084 0.9854257865528401 1.0019118393158606 1.1064360924375498 1.1708576758036664 1.202807428605412 1.2352596682896984 1.294226952868755 1.5236458466963716
84 1008 -0.3652817318897778 -0.11905472446010137 0.08491608142269413 0.37450269901843625 0.46705438060812693 0.5453904487347565 0.6899756513629159 0.7221256412391236 0.7899718999301084 0.815344834631769 0.8752411253292119 0.9449104322461084 0.9854257865528401 1.0019118393158606 1.1064360924375498 1.1708576758036664 1.202807428605412 1.2352596682896984 1.294226952868755 1.5236458466963716
85 1020 -0.3652817318897778 -0.11905472446010137 0.08491608142269413 0.37450269901843625 0.46705438060812693 0.5453904487347565 0.6899756513629159 0.7221256412391236 0.7899718999301084 0.815344834631769 0.8752411253292119 0.9449104322461084 0.9854257865528401 1.0019118393158606 1.1064360924375498 1.1708576758036664 1.202807428605412 1.2352596682896984 1.294226952868755 1.5236458466963716
86 1032 -0.3652817318897778 -0.11905472446010137 0.08491608142269413 0.37450269901843625 0.46705438060812693 0.5453904487347565 0.6899756513629159 0.7221256412391236 0.7899718999301084 0.815344834631769 0.8752411253292119 0.9449104322461084 0.9854257865528401 1.0019118393158606 1.1064360924375498 1.1708576758036664 1.202807428605412 1.2352596682896984 1.294226952868755 1.5236458466963716
87 1044 -0.3652817318897778 -0.11905472446010137 0.08491608142269413 0.37450269901843625 0.46705438060812693 0.5453904487347565 0.6899756513629159 0.7221256412391236 0.7899718999301084 0.815344834631769 0.8752411253292119 0.9449104322461084 0.9854257865528401 1.0019118393158606 1.1064360924375498 1.1708576758036664 1.202807428605412 1.2352596682896984 1.294226952868755 1.5236458466963716
88 1056 -0.3652817318897778 -0.11905472446010137 0.08491608142269413 0.37450269901843625 0.46705438060812693 0.5453904487347565 0.6899756513629159 0.7221256412391236 0.7899718999301084 0.815344834631769 0.8752411253292119 0.9449104322461084 0.9854257865528401 1.0019118393158606 1.1064360924375498 1.1708576758036664 1.202807428605412 1.2352596682896984 1.294226952868755 1.5236458466963716
89 1068 -0.3652817318897778 -0.11905472446010137 0.08491608142269413 0.37450269901843625 0.46705438060812693 0.5453904487347565 0.6899756513629159 0.7221256412391236 0.7899718999301084 0.815344834631769 0.8752411253292119 0.9449104322461084 0.9854257865528401 1.0019118393158606 1.1064360924375498 1.1708576758036664 1.202807428605412 1.2352596682896984 1.294226952868755 1.5236458466963716
90 1080 -0.3652817318897778 -0.11905472446010137 0.08491608142269413 0.37450269901843625 0.46705438060812693 0.5453904487347565 0.6899756513629159 0.7221256412391236 0.7899718999301084 0.815344834631769 0.8752411253292119 0.9449104322461084 0.9854257865528401 1.0019118393158606 1.1064360924375498 1.1708576758036664 1.202807428605412 1.2352596682896984 1.294226952868755 1.5236458466963716
91 1092 -0.3652817318897778 -0.11905472446010137 0.08491608142269413 0.37450269901843625 0.46705438060812693 0.5453904487347565 0.6899756513629159 0.7221256412391236 0.7899718999301084 0.815344834631769 0.8752411253292119 0.9449104322461084 0.9854257865528401 1.0019118393158606 1.1064360924375498 1.1708576758036664 1.202807428605412 1.2352596682896984 1.294226952868755 1.5236458466963716
92 1104 -0.3652817318897778 -0.11905472446010137 0.08491608142269413 0.37450269901843625 0.46705438060812693 0.5453904487347565 0.6899756513629159 0.7221256412391236 0.7899718999301084 0.815344834631769 0.8752411253292119 0.9449104322461084 0.9854257865528401 1.0019118393158606 1.1064360924375498 1.1708576758036664 1.202807428605412 1.2352596682896984 1.294226952868755 1.5236458466963716
93 1116 -0.3652817318897778 -0.11905472446010137 0.08491608142269413 0.37450269901843625 0.46705438060812693 0.5453904487347565 0.6899756513629159 0.7221256412391236 0.7899718999301084 0.815344834631769 0.8752411253292119 0.9449104322461084 0.9854257865528401 1.0019118393158606 1.1064360924375498 1.1708576758036664 1.202807428605412 1.2352596682896984 1.294226952868755 1.5236458466963716
94 1128 -0.3652817318897778 -0.11905472446010137 0.08491608142269413 0.37450269901843625 0.46705438060812693 0.5453904487347565 0.6899756513629159 0.7221256412391236 0.7899718999301084 0.815344834631769 0.8752411253292119 0.9449104322461084 0.9854257865528401 1.0019118393158606 1.1064360924375498 1.1708576758036664 1.202807428605412 1.2352596682896984 1.294226952868755 1.5236458466963716
95 1140 -0.3652817318897778 -0.11905472446010137 0.08491608142269413 0.37450269901843625 0.46705438060812693 0.5453904487347565 0.6899756513629159 0.7221256412391236 0.7899718999301084 0.815344834631769 0.8752411253292119 0.9449104322461084 0.9854257865528401 1.0019118393158606 1.1064360924375498 1.1708576758036664 1.202807428605412 1.2352596682896984 1.294226952868755 1.5236458466963716
96 1152 -0.3652817318897778 -0.11905472446010137 0.08491608142269413 0.37450269901843625 0.46705438060812693 0.5453904487347565 0.6899756513629159 0.7221256412391236 0.7899718999301084 0.815344834631769 0.8752411253292119 0.9449104322461084 0.9854257865528401 1.0019118393158606 1.1064360924375498 1.1708576758036664 1.202807428605412 1.2352596682896984 1.294226952868755 1.5236458466963716
97 1164 -0.3786917916979345 -0.13981619938699538 0.09311878281384728 0.47081136151494535 0.45552482079848916 0.5166980097109992 0.6178570455988269 0.682323828475952 0.7120856412275329 0.7968737125408794 0.8502455182386355 0.9297423330565906 0.9809998872484192 1.0208141773581565 1.0382862896834917 1.208714829798891 1.214387172578981 1.2841920227829926 1.3184714815380025 1.5947070329127357
98 1176 -0.3786917916979345 -0.13981619938699538 0.09311878281384728 0.47081136151494535 0.45552482079848916 0.5166980097109992 0.6178570455988269 0.682323828475952 0.7120856412275329 0.7968737125408794 0.8502455182386355 0.9297423330565906 0.9809998872484192 1.0208141773581565 1.0382862896834917 1.208714829798891 1.214387172578981 1.2841920227829926 1.3184714815380025 1.5947070329127357
99 1188 -0.3786917916979345 -0.13981619938699538 0.09311878281384728 0.47081136151494535 0.45552482079848916 0.5166980097109992 0.6178570455988269 0.682323828475952 0.7120856412275329 0.7968737125408794 0.8502455182386355 0.9297423330565906 0.9809998872484192 1.0208141773581565 1.0382862896834917 1.208714829798891 1.214387172578981 1.2841920227829926 1.3184714815380025 1.5947070329127357
100 1200 -0.3786917916979345 -0.13981619938699538 0.09311878281384728 0.47081136151494535 0.45552482079848916 0.5166980097109992 0.6178570455988269 0.682323828475952 0.7120856412275329 0.7968737125408794 0.8502455182386355 0.9297423330565906 0.9809998872484192 1.0208141773581565 1.0382862896834917 1.208714829798891 1.214387172578981 1.2841920227829926 1.3184714815380025 1.5947070329127357
