% # columns="iteration, evaluation, sigma, void, void,  stds==sigma*sqrt(diag(C))", seed=113895, Tue May 11 15:40:03 2021, <python>{}</python>
1 12 1.9629879554026692 0 0 1.9615685067894166 1.9799299855284682 1.9555348840735887 1.9647127519355956 1.9700873391319953 1.9420690256646478 1.9463766506905444 1.9738698076238974 1.9737668199998086 1.976689298057544 1.9586443550697994 1.9419200458154213 1.9531493946743115 1.957617484781378 2.000848004830747 1.9501876410577959
2 24 1.898948198342248 0 0 1.9026137368557283 1.8902394940190816 1.8924143098660007 1.9029587448339615 1.9064714856087859 1.8716210562267321 1.8914729639837524 1.8911937567563615 1.905107485368527 1.8966051567246347 1.8862698352697127 1.8623116872227976 1.8904263472724259 1.900196712088201 1.9417314205801433 1.8560352412399976
3 36 1.8553222452917946 0 0 1.8526340505168173 1.847556213146339 1.8227170578152023 1.8812006717805263 1.8650332583073155 1.8260756164071934 1.8428223616390695 1.8322286663037377 1.8338290447595451 1.8329623356947622 1.8545875529382359 1.8038910857300856 1.8448116100684213 1.8502737144672103 1.8947428389496956 1.8281119915071384
4 48 1.780401095373899 0 0 1.7657560810675936 1.7679012378151582 1.7570668158566984 1.7946456924721528 1.793279780169593 1.7672833458283426 1.749608328319155 1.756856325384158 1.771069747585243 1.7469041341924187 1.7649381814200844 1.7329213780635813 1.7580659198063084 1.7682931944842633 1.79471097911218 1.750250489040107
5 60 1.7178681538422642 0 0 1.683429335461901 1.724803608409892 1.6818624522724392 1.7190942979349795 1.7173883286709373 1.695269017574716 1.6924940295504698 1.7001944041224342 1.7127300709524893 1.6768309460913788 1.7230533955565672 1.6749718031428014 1.7063657249720112 1.7166399064669173 1.739969519513033 1.693872594452319
6 72 1.6642356203174427 0 0 1.6326953091830787 1.6538780404587563 1.631591696340358 1.683645428293855 1.6519504623328092 1.6471756377564377 1.6331596784331102 1.6487311706887968 1.6598594035453318 1.6260030898310895 1.6651141491827672 1.6003943538210181 1.6618137989912438 1.6466700181756968 1.676371321298659 1.6253117428947164
7 84 1.66402705526006 0 0 1.6425144087175634 1.6467898695339507 1.6223585464135868 1.7235203359289015 1.6586489996648461 1.6470006979421963 1.6429419160286964 1.6349995622550249 1.669402364926319 1.6245514357755542 1.6791613606995004 1.599501117100305 1.6570532509784832 1.6285912217063139 1.6792114280243937 1.6034026444891727
8 96 1.7061568854551272 0 0 1.7210491020583996 1.6935584182177217 1.623548850049624 1.7763183928913069 1.6884270748110157 1.6925541405186388 1.6734050629248318 1.6929549171755431 1.6746175092027469 1.6485088017857306 1.7210514268643768 1.6497995060586517 1.7138814727777825 1.7006846953247663 1.7362429857536654 1.642202063849052
9 108 1.7479832073568766 0 0 1.8064430316297795 1.712786328433289 1.65388047558192 1.829703126512921 1.7368086572263246 1.751089779240762 1.7116982943680916 1.7267026824375111 1.7015546560762305 1.6775458610659295 1.7674273600411325 1.685932068791987 1.7460169710601103 1.7363166998036021 1.7623738011456465 1.6840146862565375
10 120 1.781027468909459 0 0 1.8238396628018096 1.746429427837177 1.6835258761556728 1.8624370640399213 1.7835398884012028 1.7506047838842653 1.7460461868335766 1.7662931360758156 1.7148877421080768 1.684435561260078 1.8224762791236389 1.7096994068405824 1.7719545105428283 1.7841142776763326 1.794606934683546 1.727237417708931
11 132 1.8087671658705164 0 0 1.8684825260413338 1.7448043257449486 1.6812691040649907 1.8944559302681008 1.797987892784535 1.7906042555726631 1.7676495290364882 1.8207646556280936 1.7427785991327112 1.6778057860006892 1.8777315482792123 1.7355552198838093 1.8140742544658783 1.836917040820296 1.8393986440697898 1.7567704012755836
12 144 1.928148944306408 0 0 2.074401031089864 1.8598007342684626 1.7948574786664968 1.9794278844703703 1.9071318672108413 1.9764855030147148 1.8945888117048983 1.9275209824967523 1.8646887934471574 1.8267592853160637 2.0239257343308523 1.8373286588387872 1.908648212309356 1.9553772222570178 1.9569512251059478 1.877087489367232
13 156 2.0173539656500123 0 0 2.2117932563148837 1.9154833405097749 1.8903302135552145 2.0588728619458174 1.9762372231647665 2.074888718372796 1.9680777496575885 2.0220243194527043 1.9383495689984598 1.8916068796137355 2.1477099950668785 1.9244050972464262 1.970160565069179 2.0233342077911325 2.1488914928601694 1.9676157973271609
14 168 2.1032166178267784 0 0 2.344397588996575 2.027474105150157 1.9774954123587454 2.1459435454427793 2.069196943632692 2.197897974026115 2.0333672214817518 2.0843409799683417 2.0282903372313 1.963124872988696 2.2230481420257457 1.9886104384043097 2.047402699803845 2.1171804242654972 2.267521496287216 2.002183560277973
15 180 2.2675901094263837 0 0 2.5431472380806532 2.2148206072351035 2.124869634779319 2.3043972845244864 2.2148543991494063 2.3867393576842986 2.207521319479828 2.268000564024527 2.2494108250381326 2.115277932501834 2.398998287373534 2.1517347039042654 2.1801337056279873 2.329053002269801 2.5420365953003166 2.158107040859973
16 192 2.313111218443452 0 0 2.639809268947047 2.282767650256256 2.174681389764021 2.377787802785943 2.234952736601996 2.4708702660044475 2.266002594843536 2.2745270520616905 2.3197496348723696 2.1320120540075056 2.4449596864172807 2.2199302775257737 2.2108760828180767 2.33180756376811 2.641233748370903 2.1983372196267483
17 204 2.2838040170513523 0 0 2.6033688322517134 2.2322985178354764 2.1440282011707334 2.3258639564120056 2.217200739442393 2.462444119455644 2.2062844679985543 2.243597016607422 2.3038472975290483 2.1137586898765632 2.38933557027153 2.1887352134591036 2.176783727049151 2.295963390542155 2.655688842895084 2.1857183873813386
18 216 2.341531521132098 0 0 2.6575278131398106 2.2899062260927017 2.1898108910533005 2.3730182809602107 2.264291112702464 2.5053301705856583 2.2582863371273736 2.3054144764281093 2.3665340029471795 2.1492306895250484 2.462281644492643 2.2547852118911833 2.2312891118673197 2.3976389039953987 2.721649529752205 2.22854594206913
19 228 2.3710010449152485 0 0 2.701826932881508 2.3472166960876395 2.2150288825597015 2.3600508746205926 2.271635398397765 2.542877187014744 2.293205818465714 2.3154858691625853 2.421709655962684 2.168929123335918 2.5061687646202886 2.260889518977582 2.2624169061597565 2.41056760512797 2.754402500045365 2.2458747195914732
20 240 2.3723136203998796 0 0 2.709386266054788 2.3204748984463794 2.222736022125066 2.363992394186761 2.2655337657205292 2.5216328782746786 2.2666770577521893 2.3292370672245735 2.468693472806554 2.140592899517023 2.5655742276655142 2.304212138396055 2.2694250759161703 2.366423520079945 2.79520511386749 2.2215111207370746
21 252 2.2279868164568755 0 0 2.5331616738316702 2.1985122130622416 2.0603816303610167 2.228239075073392 2.1199987840995838 2.385954037692237 2.07819803418667 2.171517841791917 2.3312235672138217 1.997038150365616 2.4040587121325108 2.1783360311701156 2.1391830665349327 2.2154237417261426 2.6126148525928525 2.0585006323121693
22 264 2.0805777261018887 0 0 2.3332062778929696 2.0617276629065713 1.8881110582780607 2.061127182878835 1.9758528553663819 2.2252555959737323 1.947422128640391 2.038959695753857 2.1958316583720907 1.863781969068795 2.264475569411799 2.0381881437543696 1.9564872889812457 2.0539725353134735 2.46169386145385 1.9034290576698762
23 276 1.9448383913845775 0 0 2.1855187836114762 1.9402029838932018 1.7479138431852208 1.9403529322559903 1.8329346635553563 2.078675701275672 1.8082804123619385 1.9001925676439677 2.065092192929069 1.744521686826847 2.100654127683485 1.88074783156553 1.8116173297502653 1.9287861948146356 2.274755953621541 1.7692595495405297
24 288 1.86486143312433 0 0 2.0759684386858757 1.857347964936931 1.6648076722574707 1.8704948858692851 1.7819037482387432 1.9999193778302526 1.7300389527416364 1.8099762362877503 1.9719327571676641 1.6730526197525695 2.016210714362596 1.8200644669681327 1.7333867287717777 1.8357297278554774 2.1702385099495927 1.6566511992182065
25 300 1.76958385113202 0 0 1.9701853511793568 1.7552601305103317 1.5982621762186051 1.7809993501914974 1.6900440648650843 1.9027057584918596 1.6341443774503348 1.678763925575586 1.8532987231096882 1.6016185591892471 1.9070372486308689 1.7329196193934782 1.6313202137579155 1.7504254601847065 2.015917071517078 1.5819932097828058
26 312 1.630833806561014 0 0 1.8147587859003447 1.6094460060991354 1.4527485894261876 1.6438769697626023 1.540158206252582 1.753166938212627 1.5147602572566126 1.5384682740445996 1.6995540593756737 1.4760465256742885 1.7529153689086856 1.5985048810889504 1.4853762733770561 1.5922776114520811 1.848394525019602 1.4548449223218067
27 324 1.565732054254453 0 0 1.7167090820980881 1.564822196788154 1.3959826827200235 1.5810549239068046 1.471502892709287 1.6909666027604378 1.4444428850311732 1.4750691133958003 1.6207398921287661 1.4534132953424401 1.6837162947476376 1.542870383048025 1.4231043250499185 1.5174067625150034 1.795078333636687 1.3723293913059447
28 336 1.6207604461198148 0 0 1.79347806575046 1.5968000634592825 1.4279949523119053 1.6434330871133405 1.52200721639064 1.7859907014429186 1.4865204569561061 1.5419567320291658 1.6547015882852798 1.516997630919089 1.794783856278066 1.6033597882654813 1.4836662587887117 1.6108573589241124 1.8712812495400872 1.422460871994647
29 348 1.564097735205261 0 0 1.7107238852086264 1.547016137034073 1.3766907611635886 1.599954057695202 1.4696096436297765 1.7161193138071646 1.418396191544154 1.5105373823992374 1.584544852854245 1.4789822888591833 1.744631440774228 1.5551363908160585 1.4274675561637213 1.5460637042398766 1.8091249353736747 1.3690506307803079
30 360 1.5577660703711795 0 0 1.7175722463252139 1.5419063233994605 1.3710266734954981 1.5753866694453151 1.473475312111249 1.723196450872485 1.4160549902150452 1.5068492417372978 1.5684421527273849 1.47287250905658 1.7732242441645127 1.552458330630623 1.4274360680400084 1.5194428044110961 1.7895642658380222 1.3618740192998802
31 372 1.5427103546625558 0 0 1.7045938899939266 1.527061809285011 1.3505858846764651 1.5582326648797113 1.461747340594367 1.7089653737704613 1.4096832583773846 1.475469236121742 1.565050754129042 1.4548277929886553 1.7695548453356578 1.5165085389305888 1.4303562309728992 1.4815179111788153 1.7708530220181347 1.3315369254740756
32 384 1.5116713730670936 0 0 1.676699159534155 1.480690250225601 1.3388921558809583 1.5139167367444468 1.435683267681832 1.6608943851059168 1.3742958292746432 1.438143204245535 1.5343023319794535 1.4066483822402178 1.7260138964368221 1.4746761251736038 1.4107896848625665 1.4496135744476677 1.7355147155962387 1.316924490801626
33 396 1.4954228887988306 0 0 1.6727139783723572 1.4717423632506446 1.3160132555570034 1.488433100412128 1.428614444583978 1.6290473368899856 1.3609489697864052 1.4027946171928491 1.528425453251274 1.389981375588461 1.7245127582768658 1.441620572538098 1.3996693080846507 1.4423282619514157 1.7222237145983732 1.2902693186935035
34 408 1.485315042630636 0 0 1.6639370802593563 1.4589024840283633 1.3153813078680845 1.4836343388832198 1.41676312512335 1.6247955789501463 1.3561414183472733 1.399986927338876 1.4992218161749054 1.3556171767331096 1.7084948199824523 1.4363119075257962 1.389664751537351 1.4603064161161854 1.7035845168656252 1.296034134270042
35 420 1.4714246528319348 0 0 1.6411858949309583 1.4384991493210855 1.301830344371804 1.4828544607066838 1.4018825092493465 1.6072934571748547 1.3408786801815806 1.374484538119641 1.480675697931926 1.3376404440321126 1.6905940514434012 1.4245790237650127 1.3663052522064443 1.4615347334085824 1.6874803549821242 1.283399540129766
36 432 1.446088575858493 0 0 1.6124265087808662 1.3844684538736147 1.2783412434984824 1.4590843218081475 1.3570529373359563 1.5574641333779045 1.3123713433422068 1.3379661133059595 1.470239086302291 1.3052368744851905 1.664456108726409 1.4050859383102343 1.361191314087524 1.4446112065989907 1.6533092241317142 1.2828261519452477
37 444 1.3988565826887078 0 0 1.5604268383971387 1.3442504367751782 1.2412931080752425 1.4183655606354133 1.298447931410798 1.5051051535186672 1.2842084527159765 1.2800640990328611 1.4024282004594846 1.252190852877517 1.61004983922011 1.362905998176489 1.3119165415753593 1.3829087146500068 1.5959011858426322 1.2424998355047092
38 456 1.3281883201264175 0 0 1.4950426087571635 1.2821894997885306 1.1677235480409731 1.3358292796461968 1.2129749320860523 1.4311182337147532 1.2110238445959949 1.2195522023271328 1.3328540100730606 1.19040200567896 1.5208517147268041 1.2960744313148624 1.2370271041971617 1.3081710594741276 1.4928303282753042 1.181262921995523
39 468 1.2602206008307262 0 0 1.419528051367871 1.2112604266701499 1.1149732535435986 1.2628632957186778 1.1500313769755726 1.3406003332210827 1.1492857352358492 1.1518458476028193 1.2622136240029396 1.124340073591756 1.4307696883998362 1.2296955457775065 1.1705112373365683 1.2287521132750687 1.425338149110747 1.116227127261933
40 480 1.2085122289048158 0 0 1.3327974608605748 1.1512417234105587 1.067722244924415 1.2174434153864506 1.0973336320830338 1.2862909700196923 1.1012102475806582 1.0887599938996997 1.2025945111913534 1.0797788227892526 1.3770209809126486 1.184118707946622 1.118519920896077 1.1789599180123516 1.356960665136449 1.0800666171822946
41 492 1.1420146451185 0 0 1.2670172628552194 1.084243349911524 0.9980274908268133 1.1452822791962047 1.0354300374577545 1.2229253169147483 1.045776936685866 1.032734366369401 1.137574215612397 1.0069967498283117 1.2864162030911337 1.1152690084061212 1.0542850363249563 1.110477986913118 1.30835163615105 1.0146935708678055
42 504 1.082338312124763 0 0 1.195626857678307 1.0129864399890967 0.9473880372591454 1.0774202911852766 0.9776568803984811 1.1774451132017123 0.9849931211822501 0.9774199776507818 1.0713208350682288 0.9412332998302027 1.2361578499757233 1.0487779924112635 1.000304938091833 1.0731801141095128 1.2272975602229217 0.9586236098179685
43 516 1.104783927309025 0 0 1.2285214375439362 1.023951461139646 0.976718547390658 1.0938272261763855 1.0127779424010313 1.1974429856110804 0.9977704916143803 1.0225864129043454 1.0953740390488105 0.9460080162659822 1.2532315525653128 1.0728894327939151 1.0171933138099203 1.1036713420556588 1.255425785856657 0.9667034187697265
44 528 1.110592789277589 0 0 1.2306534832103562 1.020819974882545 0.9823424830028374 1.104410761760967 1.004942687486981 1.2114790784410832 1.0073457860706838 1.0232399647339359 1.1054088313257493 0.960142249111113 1.262433407054168 1.076756444961823 1.0183661629018435 1.1138127756257565 1.2809723240278947 0.9542643109664328
45 540 1.0763882009363492 0 0 1.1863268306382284 0.984151604907927 0.9525532019064835 1.0751740340280225 0.9647666919124951 1.17040202448205 0.9528407458851043 0.9918667439366446 1.0760908821757773 0.9302922684217488 1.2052963329746198 1.039150985170159 0.9853756764607017 1.0813754940729046 1.2430970796907184 0.9230412464842638
46 552 1.0294312026022856 0 0 1.1260421215372343 0.9340042614940229 0.9042224491058272 1.0244585316657548 0.908874832597722 1.123498497857266 0.905339693555423 0.9473139564085493 1.0311820537162864 0.8857390372509499 1.1453442657470192 0.9821566534812961 0.9588702813976567 1.0418670046064886 1.193965638993505 0.8865532197202836
47 564 0.9895870033606454 0 0 1.0966001005304666 0.8998712381616438 0.8884494997026173 0.9715625055965633 0.8671269336132864 1.0767256674845191 0.8702125658470994 0.9046094238564647 1.0004888247072248 0.8459578313853303 1.0753860948779612 0.9516792077328049 0.9210418407698038 0.9874958309867801 1.1529160245066532 0.848946955307758
48 576 1.010140063324514 0 0 1.1237033041242315 0.936723981059094 0.925502458294213 0.9895863358066249 0.8837414723934384 1.0940538159415885 0.8678361744169143 0.9381311844702569 1.0211009107711628 0.8589341899568628 1.1051827287352283 0.9795170846517935 0.9468558721157553 0.9970695772454602 1.1895518778274599 0.8563706705031575
49 588 1.0550841813940595 0 0 1.175992953473285 0.9897554784951754 0.9871588913099689 1.0327684961098245 0.9269102886162055 1.1501010856952487 0.9084868592817388 0.9870560595758412 1.0541745424526017 0.8928598484286067 1.1670795100750766 1.0123159385348803 0.9898266406021563 1.0368595372698595 1.2563394220080766 0.8976485648857273
50 600 1.1128456109471156 0 0 1.2347430008091573 1.0434416601066314 1.0616901857105256 1.0904067492594474 0.9640337828251965 1.2228132223350212 0.9322324212998322 1.0303790312426822 1.109682968269399 0.9410333884332184 1.2259146945466053 1.0713513644574035 1.044090030023041 1.105289006447139 1.3282348437303229 0.9730694411337559
51 612 1.1415544289351263 0 0 1.2572553831878666 1.064423335639332 1.0918759750456548 1.1309806145417567 0.9817602473963191 1.26227655923529 0.9481685367034629 1.054390310069392 1.1375160927213457 0.95803583899898 1.2750009270542935 1.0948534135570789 1.073412332693498 1.13825358083551 1.389315838929159 1.005150326247048
52 624 1.0775731077077868 0 0 1.1698433129132857 1.0199825757949461 1.04004215447581 1.0621567353851677 0.9204870596720056 1.188267051087888 0.8970730559280065 1.0019370791116922 1.0638504220147567 0.8981598525382767 1.1951087918090588 1.0286364367143943 1.0080563353826277 1.0694142488414131 1.316275616242444 0.9431333036012495
53 636 1.0544269481381456 0 0 1.137555559343025 1.0123793352913615 1.0141872127793732 1.0489219008944297 0.89593506002996 1.158778822586911 0.8799736942729118 0.9819138262089389 1.0526795117352494 0.8750616713327722 1.1631129655023307 1.0080848311060666 0.9952195180795965 1.0264707307408765 1.2625671348606942 0.923099403647392
54 648 1.0120174048457047 0 0 1.0732346799767412 0.9699256987172112 0.9764908805757828 1.0072224328630055 0.858825798471799 1.1260776855483818 0.8500197033124959 0.9368336914667414 1.015755046568222 0.8290442212522335 1.1151009598892963 0.9648742531928591 0.9438528035984762 0.9798504832590534 1.2185914574818353 0.8906202518783362
55 660 1.0440276353975808 0 0 1.1241340102073227 1.0006760563565187 1.0068035250760496 1.027162831458946 0.8854133438714069 1.1978326243089694 0.8839767148630623 0.9666637214723628 1.0451510992459498 0.8474040274640475 1.1497553374095484 0.9898876185651205 0.9822162262384151 1.0192394247960817 1.2715337183389637 0.9228623179550397
56 672 1.085213816116835 0 0 1.1637083587176604 1.067831053511666 1.0461516063196106 1.0630330013730596 0.9127721622564898 1.2495441068819484 0.9282231887565429 0.9974898111801088 1.0811953572510038 0.8895420534343509 1.1877302509055407 1.0196320543651245 1.0204546623909148 1.0495498851208294 1.3899384089883866 0.954836652693667
57 684 1.1336761103626387 0 0 1.234824965290584 1.1247790163552032 1.0904067220383247 1.1056170380825803 0.9409137740078583 1.3297357732183293 0.97181727078552 1.027496472684512 1.1323587033090683 0.9222718259134896 1.2344062606499269 1.063751629638996 1.0654691247164418 1.0917497360459767 1.4823278290917437 1.0123664699569817
58 696 1.1508421644226896 0 0 1.2638385228744855 1.1419842264497866 1.1114364874824745 1.11552833463265 0.9695078564569657 1.3730163344490347 0.9882117211084093 1.0574705871207393 1.1502976471304922 0.9378127962268498 1.2622211225741475 1.0710558226463487 1.0742628679573405 1.0903961935723596 1.522161828814225 1.0078454793836193
59 708 1.1678752782752477 0 0 1.276127281158205 1.1522508062939736 1.1427590508030459 1.1287221763162687 0.9895771025995915 1.4186975919014408 1.0017607697316715 1.079194175857955 1.1707183620237185 0.9566742293682499 1.2871259736236143 1.0626844186821738 1.0848337269248907 1.1040089992206992 1.5684205444590347 1.0147950645606556
60 720 1.165728331771182 0 0 1.295007774455935 1.1652288622160498 1.140029414387978 1.1338982481612365 0.9750192149091722 1.421626325690625 1.0019316980737285 1.0742801671714177 1.1726687875614203 0.9540510384244802 1.278605976162342 1.0580536242125675 1.0810880263655642 1.1078906140822409 1.5730930769297673 1.01515423660024
61 732 1.129177959398024 0 0 1.2477587159592909 1.1267439110646056 1.1105598321911057 1.0961270002926693 0.9486196263429865 1.3576331259317767 0.9665139932822973 1.0515188438177114 1.1482037639050635 0.9240671253121399 1.217369739703766 1.0294800948880853 1.0479054763637012 1.0509295586170124 1.525653289221984 0.9736635094346844
62 744 1.1620905869031364 0 0 1.3004130546379844 1.155618732110654 1.148609342320153 1.1395133943129727 0.9736282778968478 1.4138824374927335 1.0000079232942642 1.073439176673326 1.2070591908851735 0.9507925125179152 1.2464297531653248 1.0654977322418084 1.0659711765687583 1.0811946506148575 1.5991702889878 1.019325607653397
63 756 1.1272193395249948 0 0 1.2625867922129546 1.1219406488731498 1.1053528483964663 1.1102717637787674 0.9223672824919801 1.3462853787640103 0.9603337746237073 1.0425503066796302 1.1750344764617988 0.9128866497130789 1.2174793723436588 1.0321493489347602 1.0378783056115117 1.0505510704662508 1.5404773850469027 0.9939610593036579
64 768 1.0991914251094574 0 0 1.238673543455792 1.0957926604242958 1.070455376952858 1.0908456507040094 0.8963362484933767 1.3128054851284834 0.9394018365624787 1.0073625839649207 1.1441794029744397 0.8828192928424423 1.179989842353916 1.003636523705695 1.0203406633357286 1.0556175654584878 1.530452987222224 0.9790911294076742
65 780 1.0719767309336998 0 0 1.2153933399467323 1.0586331288444115 1.042853869907123 1.0391557177906436 0.8718898270583103 1.2704749852245532 0.912391702110778 0.9934162676525448 1.1014934778570438 0.8632078967402349 1.1453345980366985 0.9742404654504347 0.9817913358365689 1.0514642191981591 1.5007749734460467 0.949741474622249
66 792 1.0923852063412904 0 0 1.2305371731660324 1.0577558636581177 1.0630069758031337 1.0743185129964266 0.8921415454228101 1.3044006019923982 0.9298046673900016 1.0482907892893767 1.115821095098784 0.8686251455925151 1.1762756751041825 0.98614025040343 0.9958955972748437 1.078504372430463 1.5192157711679564 0.9795137866251129
67 804 1.168570864619824 0 0 1.3110267895768914 1.1294471666411179 1.1578303816820354 1.1802021708699224 0.9664843463621579 1.3946420291993615 0.989845893275742 1.1476451551137046 1.2046774492541008 0.9194731342372615 1.2612406069413027 1.0555852512314015 1.0689358189628526 1.1592557041897975 1.6085798326478717 1.0676832723514575
68 816 1.1974614268361854 0 0 1.3436809472836735 1.169857994282912 1.1810089518232836 1.2170639246076635 1.0039079814975604 1.4224860034761648 1.0077529832193624 1.2029293980796587 1.2123561692341644 0.9378341359882927 1.2877287999549933 1.086034583548737 1.094653619416166 1.1782990577499883 1.65260593419996 1.1084281231275506
69 828 1.1923075638617084 0 0 1.3442609516162978 1.1584436896823007 1.1726600758027943 1.2108347402937458 0.9897360358750478 1.428066902823726 1.0064865326901409 1.194417999233433 1.214604836098206 0.932245961538104 1.2823084385683883 1.0786649621028352 1.0873709625797143 1.1624860637693581 1.6522692683682434 1.1236795122483967
70 840 1.1922831271149021 0 0 1.336598884821305 1.16338594587744 1.1791423622610189 1.2101924802143154 0.9825339018075593 1.4228158471566459 0.9920109821313045 1.2071927697759701 1.2252247629477822 0.9338332778817962 1.2731718240809946 1.0637743487494877 1.089267610721082 1.1597441575827976 1.6457497084676793 1.1433065538227267
71 852 1.1561761835507918 0 0 1.3085136109487043 1.1412494519179515 1.1489095612272415 1.1644748005508334 0.9323776892024622 1.3822105956333712 0.9657904821182838 1.17211761531004 1.206300107948442 0.8928508488114605 1.2309321332738077 1.0237161828293742 1.0518060846374437 1.126858273183662 1.6020653032075511 1.114898106465679
72 864 1.1534746764241042 0 0 1.2909826096009995 1.1556702565336374 1.1388832078711262 1.1811144778935305 0.9404611976785586 1.3873425840341 0.9660128939054146 1.1645921997515867 1.2003532543398217 0.8876142503198828 1.227320383799378 1.0213651737329665 1.0427989806323241 1.1291382552887 1.6339960611739337 1.1061332542070292
73 876 1.154885198377358 0 0 1.2985728594030714 1.161007707162919 1.133165818919555 1.1963407691342294 0.9396737779612689 1.3769707940643248 0.9792190843427123 1.162531552772292 1.2072895619696165 0.8910265534537016 1.2330559941197794 1.0223799869026293 1.0420536348289624 1.126006185493245 1.6483299785467904 1.111691309200902
74 888 1.2416890191139107 0 0 1.4210083926354444 1.240685858275908 1.2133448473662145 1.2888030862863358 1.0057709986937842 1.4756198396130003 1.073133866224775 1.2776746549219118 1.318236155323642 0.9614975769245881 1.3221969735475159 1.0873124522405662 1.1100921395681365 1.224793830087009 1.7911112839389471 1.2039996727817999
75 900 1.3273585046320573 0 0 1.5147545443549746 1.3816362527999009 1.309411079785075 1.383660374067155 1.0650513096475438 1.5628151405853492 1.1484888180823296 1.3717727772224162 1.407168610827019 1.0238135699979072 1.4194849911666183 1.1470152747154454 1.1758917266580624 1.3152548547252763 1.9262103444309022 1.2970582596994917
76 912 1.3897501534678365 0 0 1.5696767403382814 1.473683743734197 1.3530864551755801 1.433409079847685 1.1113269980006806 1.639982059833693 1.2042529727735007 1.4366872534933686 1.4630222730868176 1.0764072311801245 1.470622333667511 1.2211154910947686 1.2317196983545453 1.3784975221882252 1.9802406021800596 1.3466801318181494
77 924 1.4181864562851878 0 0 1.588591171229202 1.5232790556586366 1.3537995942811052 1.4480578289228716 1.1226828250391838 1.6664951387745761 1.2242440647954114 1.4654330344469526 1.4931835448621573 1.1035460474934966 1.4980441146740735 1.2323353598785478 1.2644859761410974 1.4082461714128225 2.00927449491138 1.3451392150129033
78 936 1.431559051151585 0 0 1.6158360557660882 1.5514389616615227 1.3737685835069964 1.4649085965019462 1.1106777300663584 1.6900270429567419 1.2308506408352977 1.4740634922064693 1.5123552558826714 1.1174165923865433 1.5058159099000796 1.2502308732409313 1.2550484711765333 1.419678513270967 2.0131180373075397 1.3593591431809502
79 948 1.4379037106491717 0 0 1.6219257223509995 1.5661222060535547 1.4015009845272348 1.460988586828102 1.1182539313671274 1.6798868716976907 1.2337153572999533 1.498066512369463 1.519809330116555 1.1105519804041986 1.5236192989896196 1.2476576129553243 1.2476067298631401 1.418181012006841 2.0172442043580796 1.364560013234731
80 960 1.3505207292953685 0 0 1.522533098145135 1.480141357617325 1.3086760409383469 1.3760591064559096 1.0582726117991659 1.569143080435747 1.1670719394036382 1.4135235918943614 1.4242646654866096 1.0406639878373238 1.426438072203543 1.1609132251791456 1.1541143250051664 1.3153753159928379 1.8949522745994438 1.2681611676467024
81 972 1.246730526763983 0 0 1.4051485861156177 1.3581896704995724 1.2098893108149675 1.281423344516968 0.9774322837702633 1.4403376444340266 1.070675973850747 1.2976981818961897 1.3076130610989982 0.9555600428967477 1.321404865282207 1.0622619069538601 1.0639081080561774 1.2145953348852745 1.7326920540423678 1.1633491352671272
82 984 1.2309144898619453 0 0 1.385593298797104 1.3595268920598085 1.1834229005907684 1.2637044230087948 0.9668007869339144 1.4129249683324199 1.0560192906651273 1.289944521102063 1.2882702342076282 0.9266609706487908 1.2812844288161251 1.0431038709783498 1.0583866394868726 1.184469743323396 1.7186008746142993 1.1391425810591045
83 996 1.2142349018061516 0 0 1.375420050177272 1.3520559170868975 1.1459589436672268 1.2488757886104953 0.951900794922161 1.4030205324310172 1.054310260657214 1.2712732732281997 1.2765924826115231 0.9095204351061575 1.2586513677756017 1.0262425699517113 1.0471691993417926 1.1611096300166552 1.694651587151065 1.1155289568797433
84 1008 1.210136940690993 0 0 1.3835482663316436 1.3590404115920123 1.1464746274963042 1.2358690567662698 0.9565363837639012 1.4076931341225118 1.062462965550624 1.2706540174168373 1.2865775404743915 0.8995611549760423 1.237967012017686 1.0422893029092388 1.045137946696055 1.1330959999827643 1.7018704379911611 1.113526828040917
85 1020 1.2065535689028777 0 0 1.3831646026787305 1.3498156968591406 1.1429543379049387 1.214973978417151 0.9684200316247544 1.3908785771153063 1.0571022385376354 1.258343869889814 1.2813540416096478 0.8878221303422357 1.2216903437302546 1.0441634078702442 1.0455717777281655 1.134431437301216 1.6999049931002745 1.0930952169478911
86 1032 1.141070228958205 0 0 1.3096648814969034 1.2754951929696463 1.080185772881731 1.1693537711626343 0.9057385941065635 1.3064818470979498 0.9828398231801632 1.1915562789132177 1.1995649737626148 0.8414998032848533 1.1483274079021142 0.9838069652937498 0.9909436688766756 1.0791129223315474 1.6079749558696803 1.0405279466851105
87 1044 1.0935048359867143 0 0 1.2431528847758242 1.2242099567521432 1.032874279579678 1.112370380612713 0.8736951433343614 1.2535668335403114 0.9407282112699005 1.1393976792500318 1.1502388917791027 0.809354748840539 1.0955830237628792 0.9381478069716395 0.9414696851449238 1.0471531215026026 1.5632199619425458 0.9741537466050249
88 1056 1.0718538848359715 0 0 1.2072497352425895 1.2206356391606006 1.0105473851827849 1.0972830285659894 0.8473947173919273 1.2142221990340722 0.9301947146436923 1.108776355041732 1.144054887866457 0.8044742843365315 1.0909779429633966 0.9157060022994034 0.9129148408387624 1.02859185185707 1.5366391689760643 0.9494299037406475
89 1068 1.110102022689101 0 0 1.2534756251468444 1.2802725800940222 1.0534516699315584 1.1252009328748354 0.879070798375388 1.2562513963367177 0.9696098547644373 1.1476254452956722 1.2144350491948133 0.8429123325076157 1.1511082424953214 0.9325930006657553 0.930079920639921 1.0632954774253103 1.6278994431367453 0.9778295972267441
90 1080 1.0639126185077277 0 0 1.2007120876894612 1.2055112574701026 1.0169257790449744 1.0746687041278693 0.8364834220597945 1.1956833679957033 0.9284614476128433 1.1043586624463517 1.1633847673553748 0.8020884113328265 1.1016666575948681 0.8931492182165962 0.8862274535097808 1.012404429267702 1.5327642691079617 0.9329370187150289
91 1092 1.0688886291477921 0 0 1.2230032809551679 1.2160933067682718 1.0213938505621567 1.0700737028517153 0.8443179250452899 1.2092846090708222 0.9266353345728403 1.1076075253692965 1.1594790686772747 0.8080102234612742 1.107813782632243 0.8890704161434697 0.884663436430381 1.0164532188777293 1.5465067532543488 0.9362559376884283
92 1104 1.0199305760110038 0 0 1.157407336642432 1.1730060649215441 0.977467562588262 1.0203156785671847 0.8053897775319474 1.1463895743828103 0.8873287616097405 1.059492979118583 1.1139941876865695 0.7742849857367138 1.054246624004928 0.846438737581276 0.8413504716770202 0.971924278425748 1.4748660305649932 0.8961261121947426
93 1116 1.0337506975758741 0 0 1.1593824855796804 1.2169754131450519 0.9837287198082593 1.0212710905260816 0.8146854445735673 1.1679921241539553 0.9061109475052933 1.0736613095890288 1.1267980425600561 0.7915970487334011 1.0716885182120055 0.8509888906095561 0.8458978806947143 0.9787800076237562 1.485215213290969 0.9053142713486613
94 1128 1.0143300538872284 0 0 1.1351884918967574 1.200776574841464 0.9638971788691243 0.987621519879876 0.7967724702615208 1.1536260152741744 0.8955372462464495 1.0556201854394645 1.1025442289733423 0.7890465221785233 1.055893322950736 0.838423385700784 0.8199592814096407 0.9467109936093399 1.4540082594589891 0.8999697176151832
95 1140 1.0068105661219195 0 0 1.118886321083839 1.174644787056674 0.9517305929645892 0.9769179689616483 0.7933011470578103 1.1381673323719332 0.8928920471702607 1.0574367504852107 1.0818667300468456 0.7802439094421502 1.0406793727417691 0.831704565340694 0.8204161449802905 0.9622312426004339 1.4466883690524044 0.8960578175578183
96 1152 0.9493604924061383 0 0 1.0559679032761384 1.1019386880027686 0.8905689446400835 0.9271888087479137 0.7357395808946964 1.0667180796754256 0.8404422678144858 0.9916433237081852 1.012259144588261 0.7375481812504049 0.9866718455538434 0.7845585373545435 0.7733311995793913 0.925839213297326 1.364885847177997 0.8522997373617005
97 1164 0.9490241583471213 0 0 1.052871188197047 1.0953614048192242 0.9016207305399124 0.9334984484741031 0.734377565237079 1.0458931877676327 0.8401883019279148 0.9867300821273141 1.0132518362198677 0.739713492461836 0.9767578226988722 0.7792963691731278 0.7741022129048065 0.9450806029454841 1.3544960237124866 0.8396232738018775
98 1176 0.9434582129403429 0 0 1.0442526257730045 1.0639369644836156 0.8900863434040271 0.9251792442929881 0.7205006939071276 1.0333960280090901 0.8371347148908632 0.9841243008907254 1.0145757371704327 0.7401702215042855 0.9748491293319534 0.7757807247822883 0.7625234466520014 0.9580788336722159 1.3116823286177455 0.8267219188921732
99 1188 0.8867198661357368 0 0 0.9756634466923909 0.9935506979304947 0.8393380124736749 0.8760973085990273 0.6794453452097736 0.9688648134296216 0.7889245914100169 0.9291994759395358 0.9358218784994663 0.6906059970390507 0.9128252715841161 0.723112451847874 0.7085424442363729 0.9057691257952974 1.234705003474078 0.7714571691444205
100 1200 0.8638120319301889 0 0 0.9424307641670399 0.971709163733144 0.8253602725689138 0.8728965486362096 0.6578853192766733 0.9313308553059632 0.7664006584083056 0.9109471828075448 0.9012193296223714 0.6673816784755524 0.8958623502555266 0.7028947226068627 0.6881025285714609 0.8773181618163336 1.2126790900403657 0.7502488212752627
