% # columns="iteration, evaluation, void, void, void, xmean", seed=113895, Tue May 11 15:40:03 2021, <python>{}</python> # scaling_of_variables: 1, typical_x: 0
1 12 0 0 0 -0.23662627209040638 3.2046060037342565 -2.4050785298349955 -1.9839938247145827 -0.26585925561273616 0.3580618733011843 -3.2314279445957705 -1.3729809754465938 -2.1753311573097567 -1.944973092897324 -1.5997413922905026 0.09109544188206375 1.4390066775881831 0.9206677866245214 -1.793864787631702 0.46760197990237407
2 24 0 0 0 -1.3119403881714122 3.417670854720007 -2.145150798386171 -1.4854546235735633 0.9054516866922606 0.33846378512086145 -3.0024923608234584 -1.4193810478406996 -1.2522421416849274 -1.973909803066383 -1.3607584959381696 -0.24346749005268975 1.2776433765478674 2.5997505307872992 -1.7549717432807526 1.235170339224252
3 36 0 0 0 -1.0884840969474538 4.837699065609903 -2.0871000299816855 -2.817304640350952 -0.06902385986880932 1.9655354086918633 -1.8652161950962256 -1.970560722682255 -1.1080342036828197 -2.168071792712393 0.522144359515966 0.013111652657989803 1.2862793389166651 1.995824038934874 -1.0979021872282875 2.1907410472559037
4 48 0 0 0 -0.12282125943712019 3.77906821069266 -1.9786287936886449 -1.6217749899855294 1.2593538589653839 3.134650418596703 -1.221742596852553 -2.1800913783996676 0.132984141448244 -2.94911090154239 0.8662624716113094 0.3811042256052337 1.5289185215276997 2.1466804701964453 -1.0791062064765398 1.768204688808144
5 60 0 0 0 0.5788218702363939 2.1457454701818253 -1.1267332935682193 -0.5637118297652126 0.0093542939881881 3.6107594850636495 -0.04178174674375734 -0.4426952180099113 1.2306326864205557 -3.0537906228590077 -0.29537576552082845 0.4462179024418175 1.7196916689683568 2.9727302673486546 0.5912934788763453 2.058387537664142
6 72 0 0 0 1.264851800187459 1.918328475357413 -0.4331018178386489 0.9569105939029892 -0.21895564278781746 3.152549916169117 0.733469504791981 0.4557153269203511 -0.24705322235106086 -1.8208709661365745 -1.4500532679466638 1.3958372203442015 0.7407861089934523 2.188026317450492 0.15895179485505695 1.960081757718915
7 84 0 0 0 2.3909938880755925 2.9494128249035407 -0.8531693981675099 2.522009584393082 0.4819761887426305 2.845572438967254 -0.9371736769263939 0.47946146167720516 -1.069188154076418 -2.892809949291964 -2.730480780076091 2.068914498887627 -0.08831678045583091 1.8366699267040656 0.171021755133196 2.0293364228336683
8 96 0 0 0 3.6190559947279723 2.9347377360762636 -1.4880581477450114 2.7045097549672135 0.48648750700471044 2.9869284673202574 -1.380615502546626 1.6595619603875442 -0.8240253510136331 -2.3634681996870825 -1.9191956935269503 2.6618276447375644 -0.6881711928944131 -0.3219289437800885 1.3358091645555858 2.6382349000882948
9 108 0 0 0 5.178106110189062 2.6200045166006753 -1.127687317321447 2.80897428475435 -0.27767912866639644 4.098969271483635 -1.7338806743762667 2.4110741163163856 0.012262091228111283 -2.2405622288100893 -1.1304629030589657 3.0126541453477804 0.5391827879810777 -0.32021694436395964 0.827312308484346 3.4951801657840775
10 120 0 0 0 4.90846616353392 2.1583294157786166 -1.0986929667808962 3.285143890100508 -1.8375808589496372 4.999930434764767 -1.4446304171507358 2.724934482549177 -0.8423265947473346 -2.869938077300316 0.9812973195552586 3.1241459512819647 0.019575595695645043 -0.9781866782105434 0.568679196860612 2.892272524587133
11 132 0 0 0 5.287598884615595 3.051225026147681 -1.4004371322247362 2.511746975133232 -1.7887981101673973 5.641269869394454 -2.3598643488849937 2.7351554992778198 -2.018829372569185 -3.0182487347331017 1.9389262157811802 2.6050203341593425 1.8736814985241992 0.5178518853842035 -0.915801621706176 2.0586908121467915
12 144 0 0 0 7.091149914565767 3.45893777417116 -0.5392555099894429 1.0852609004899652 -0.9800955835846217 7.459800025593687 -2.0633042203116 2.6741235631372398 -2.751984296532345 -4.738482447581877 2.5789268793164273 2.1352107069052937 2.5509952428746807 1.300823336293926 -2.160856475206448 3.43779871652608
13 156 0 0 0 7.932338515617619 3.1727385541366684 0.5455438003984838 0.6682736148362323 -0.7015304727208878 6.393539371945635 -1.9547444369592604 3.328310661396326 -2.6042561213198887 -3.9730230815291527 1.9629211269044482 1.939076593819852 0.6369957543316143 1.5459731652240665 -5.199301347713345 2.9194642428748963
14 168 0 0 0 8.478681898438943 4.956966225581712 -1.499460548228825 -0.23578459600223178 -1.127589763588154 7.552454995289145 -2.6630274363682807 2.248494075818771 -2.7783207296591304 -4.33035069531418 2.4389816281765655 1.3301346489166592 0.0034569753509167134 2.380097956006917 -6.0442391315478465 4.003298244270031
15 180 0 0 0 8.879020962439487 5.9997214087019 -1.4889514232093557 0.883998836083111 -1.4538031126614868 6.195220968662102 -4.0645905070110455 1.7547589708832465 -5.393748100885312 -4.106087283110425 -0.34008996454900364 1.8623519998356513 0.3459401015924622 -1.230069225178429 -8.414843518599962 4.034724859716285
16 192 0 0 0 10.059674120472549 6.06125559234123 -0.003210527048439271 1.4169609289597451 -0.02000410362759375 8.612446233472957 -2.1564373140784765 2.437189974862836 -3.2397993421235807 -3.781289655321326 0.6693307130213024 3.749038945995409 -0.235084395094372 -1.7559017024148755 -7.953889379195553 2.7340741635297565
17 204 0 0 0 9.865335179050536 4.866715896069108 -0.7313079154573384 0.9681441341463223 -2.3270292094870304 5.509839840505822 -1.8703208442295982 3.8542685760928626 -4.324238811531054 -5.028499014042434 -0.6966979592316762 2.5668749621813283 -1.2571887095369982 -1.1714058501829967 -8.37332701032828 4.969216294429823
18 216 0 0 0 7.923617028390916 4.283960409953802 -1.7652193170329156 1.0882593406839174 -1.2049737776096099 4.964744053390571 -2.5161797134706556 4.226156702601788 -5.738566132439002 -3.903732522426371 -2.4762552953753354 0.9761415004751237 -2.6884212475771556 -3.875973957102917 -9.93943506865819 4.94161818304268
19 228 0 0 0 6.581901116967887 6.7376287559284 -1.8013568712070338 0.7215891439776363 -1.6286139876965884 2.1470153362331925 -1.968140152356563 4.106045452519191 -7.043329226289849 -3.5104346121974888 -1.4213359381516575 0.7863190379067365 -2.57251499719033 -4.547649661810005 -9.399585245373393 4.161782433657523
20 240 0 0 0 6.213348089951707 5.884049558348237 -2.034132549791442 -0.5302714825452157 -1.216397080050205 2.925566992166333 -2.3171630856015644 4.60813967579349 -8.855903527213664 -3.512260781962126 -2.8029167930066525 -1.523661067491651 -3.1048048770273096 -3.5664508340939665 -10.114514414984129 3.975779560885731
21 252 0 0 0 6.160673392075217 6.113678768653961 -1.5282673028722757 -0.46396536877795763 -2.810235220303027 4.008311676296418 -1.7077780163103735 3.2315359147991924 -7.935348154506142 -2.8991402230787284 -2.1460503188992193 -1.99177825279234 -2.553617317554036 -2.749176575565055 -8.542853442017273 3.616135072154425
22 264 0 0 0 5.946518085594019 5.770278251574377 -0.4962546894625377 0.5288262749389032 -1.8375280069296036 4.412456860539988 -1.97019101570396 1.6209669290757107 -8.274890096915813 -2.8091537844180863 -3.1851945693240076 -0.846892685712056 -2.531293222759182 -3.584227397602869 -6.478324149094662 4.454392032231404
23 276 0 0 0 6.726570790882749 6.59912417760434 -1.7992775122549443 1.9806649790707183 -1.3896748236976226 5.266988499194183 -0.9839047613150708 1.040618000132914 -5.466388862651839 -2.550754915709173 -2.86492008798906 -0.10702579308468829 -1.4561947180797825 -3.2451537007230757 -6.520962507225271 4.784783741649238
24 288 0 0 0 6.742956234970823 6.587138354278584 -1.5782394486092821 3.2556651014724762 -1.9796672722044335 6.7191106850339555 -1.5783519109585193 0.316734413518317 -5.07379100482992 -3.159261167742093 -2.4144511330247593 0.05401691413157372 -2.7315157885121875 -2.909192328777277 -7.476035102572067 5.004408445178723
25 300 0 0 0 6.921660541248739 6.309678312724734 -0.8074837302070806 4.361634701258779 -2.057252772091128 5.648603600519051 -1.1120809980953175 0.5974005822457825 -4.092939017585978 -2.4281386848547877 -2.292817159188001 1.3587278406732795 -2.5713425731107393 -3.4080288395304916 -7.128647297433757 3.2179424741732103
26 312 0 0 0 4.940911472424098 7.075687264189151 -0.5668353025210681 3.212432154159844 -2.216537373633076 4.380153115659036 -0.43167840210993447 0.49100333690161496 -3.9971347382749074 -3.3100351553381127 -1.7365213465176454 0.8101058302690488 -2.9932102981799664 -3.0244143705094153 -6.47672205266339 4.077335878327605
27 324 0 0 0 4.334591730286536 7.024634230950678 0.037305111058250184 3.619606719878986 -1.9550552742104765 5.939482705346572 -0.06596214543594925 0.058700601767963934 -4.278224097969287 -1.7038282175322574 -3.125550997508313 2.2191622482092246 -2.5237950929519952 -2.5290064494806423 -5.017678877711612 3.851831330793096
28 336 0 0 0 3.7182999649438693 6.017930060290478 0.7177039922445891 3.8323655282183706 -1.034614933837474 5.072470593108701 -0.14763702466068485 -1.2628107690560615 -4.123919413956987 -0.6067265390570826 -5.605056464380322 2.48732390362049 -2.129460451969818 -0.7275484694429912 -5.848708415472118 3.180978263915044
29 348 0 0 0 5.271909243147311 7.165774093487949 0.9891781128218196 4.32663000023335 -0.19709690949053238 6.199363567715283 -0.6447592489338249 -0.7804970748273524 -3.8388592988463697 -1.7625293478172985 -4.100402909378472 3.218942832710269 -2.6938330386838634 -1.4092745506219413 -5.196163984350879 3.261354862431122
30 360 0 0 0 4.044241442492607 7.471880549065442 0.5669453403963456 2.941906589268824 0.00857648072434708 6.348818147882151 0.0837026586570554 -0.652079657483537 -3.843259955488967 -1.0064663344982712 -6.246851410023429 3.183638846934859 -3.786343865478202 -1.528289457771508 -5.613549894972306 3.6531159226561543
31 372 0 0 0 3.8996885887976602 7.347877170768763 1.514879253359964 2.373468424942133 0.20264340243853857 7.6179259108240975 -0.28533581067989267 -1.0199369122679791 -5.440592499502672 -1.481839085454388 -5.912172054723524 2.088008231353567 -4.305267339902485 -1.8545944902583096 -7.60897325333587 3.9594106027237004
32 384 0 0 0 3.9754185060347034 7.803131339774864 2.2444690872328725 3.1465333872564543 0.3257946772454488 8.05939852111024 -0.3002102836345487 -1.1012826249589007 -5.0433076360503035 -1.7849540731797275 -5.633480754683146 2.7349448140457673 -4.65497740447903 -1.893842861886961 -7.5029935075295 5.089143693877386
33 396 0 0 0 5.694283852719488 8.660571374974907 2.7749068189247623 3.1587173597577562 0.9056786503451224 8.262395030400299 -0.8951468012447845 -0.41954631440637846 -5.084860662919566 -1.7470232715825456 -6.614076949686067 2.993972261261549 -3.984465151183474 -3.0815774851392375 -6.787833903027953 5.181243875174807
34 408 0 0 0 4.864580522366489 7.428193246709087 2.0432369828075942 2.558464346979244 -0.21577142808975447 8.666424613743441 -1.6112643176015473 0.5368572851649321 -5.089512317644826 -1.8052316277727427 -5.169944248485982 1.7966249004446133 -4.930367134412182 -4.415893516487104 -5.565677247372773 5.958004700503225
35 420 0 0 0 5.7250648845785435 7.702419653831648 2.371618421679718 3.4152692359182573 -0.4497225377066405 8.749369826904145 -0.3633029343404892 0.5393545276724185 -6.362697366356366 -2.7259920827192308 -5.100156237710985 2.129238493123024 -5.31069826957339 -5.306097872417938 -5.389689130512494 6.708600694413137
36 432 0 0 0 5.36749909258941 7.820639866499102 1.2758905951198733 2.4130224170301386 0.10816075800666858 8.930184836561416 -0.7666320754180052 1.2887990900155986 -7.484232593977952 -2.1766878243213084 -5.327739953346327 2.4136772446259234 -4.6389276200467755 -4.326767904657024 -5.0323026608008385 7.04301293444765
37 444 0 0 0 6.1990802058182695 7.225082064851716 0.42530810266848473 3.5447316955479518 0.26097765976391496 9.496917894945138 0.42085438516302043 1.1000561699018867 -7.135841665508534 -2.4560517507495554 -5.476135072621192 2.0973912394750984 -4.267835647802551 -4.572268286535121 -5.2764328328635415 7.122591500347873
38 456 0 0 0 6.820708511223343 7.970878113373378 0.4275535639442772 4.1606997324566795 0.03220901308558527 9.98412662446782 -0.505041429854644 1.6609935967000178 -7.16482031524508 -2.289072536189885 -5.295598011656174 1.314802567242964 -4.824701038665634 -3.824371235019356 -6.113139310106045 6.919106715592969
39 468 0 0 0 7.0423633101118135 7.33381227808164 0.024924012777910065 4.187108206302809 -0.551977445391568 10.849989308119367 0.06468112556261607 1.3692995521991704 -7.0670905159374735 -2.2970978550817645 -5.083981893043291 2.3177723800343246 -3.946446502821239 -3.476419733126516 -5.386965771267177 6.751266551230537
40 480 0 0 0 7.325660943249457 6.922726464511969 0.3197355952569643 4.569879128265881 -0.3006669501612458 9.545843654087854 0.8705804529436427 1.722514894198889 -6.700792331908749 -1.684372234388285 -6.260268253518886 1.202928494428264 -4.020178397984773 -4.158198809829981 -5.874529708126852 7.016403296546225
41 492 0 0 0 6.477772356981191 7.657196477300791 0.24833518375341954 4.8641884467408 -0.47226177186623103 9.938269250869809 -0.14479637948070656 0.7896777269301964 -6.901464265675167 -2.1136277172464366 -6.251169634893206 0.8874689300169074 -4.036684126515125 -3.4238029152713505 -7.587789955749334 6.346894783716078
42 504 0 0 0 6.079441088740785 8.233356638790061 0.1527177415125479 4.918555452104764 -0.6685980111358895 10.868044035192858 0.2259330505683128 0.6870622182390468 -6.127269817357428 -2.2245055677674888 -6.102031503127782 1.301195653752134 -3.597937130351226 -2.4950236106081394 -6.33631434945952 6.1086392004618055
43 516 0 0 0 5.012210610721251 7.595952314649331 -0.1832241647729902 4.975192890985708 -1.9054180981030986 11.169465508865963 0.07387778299372369 -0.5126886108580929 -5.30417404582065 -2.6747011127127744 -5.164836246603908 1.8424428085358246 -3.645014855945705 -2.075465289867778 -5.47768926914223 6.127724235254494
44 528 0 0 0 5.5281226113950845 7.758631751558146 -0.09329529763860304 4.976933847701525 -1.984338765012779 11.238312198980227 0.360065299642104 -0.1509598526914504 -4.711036906527099 -3.0789016704265557 -4.2148988453247425 1.401683794483609 -4.113971106576692 -1.7971739657302943 -6.840611605470994 6.666064245685651
45 540 0 0 0 5.583416540233224 7.7816223835594815 0.3257772752697541 5.818043359766097 -1.876695922836905 11.320652489718285 0.33193887371263703 0.3274754340243267 -4.534625220161213 -3.208590252068899 -4.727847392213638 1.4754029823422405 -4.116660748398466 -2.060436137246954 -7.1379008722738435 6.859864679074018
46 552 0 0 0 5.77579908792482 8.314346631595225 0.24362209732779372 5.388299146905611 -1.1239727712652814 12.48115354043015 0.3661451747901275 0.558841836460389 -5.122650404288914 -3.0924002517460782 -4.089589441418522 1.7092456347717162 -4.822083537003191 -2.448516070482666 -7.578641077027911 6.8192736932361315
47 564 0 0 0 5.064740525987081 8.188691538420562 0.9765991505563059 5.099986350763723 -1.2604318443279507 12.063145480003389 0.6736462453415965 1.011493018182285 -5.343187348013012 -3.3780184801022437 -4.599078783633325 1.7890787441808729 -5.2212446097767184 -1.7127602766107581 -7.305443340420173 6.741888909278593
48 576 0 0 0 4.715743414888388 9.39301549837594 2.0463342584077937 4.676778289118471 -1.0834992408876636 11.785094740160304 0.38002675867759195 0.7257705474543668 -4.919350561419225 -3.397642883153107 -4.341462511440178 2.4427293970814192 -5.81513741522295 -1.741299914359776 -8.504065394593578 6.747209115565686
49 588 0 0 0 4.067962667023512 9.938635342399165 2.4832279388408787 4.89303885744744 -1.4178439018295104 12.418502445324087 0.8242865256888036 0.10368346332087197 -5.119722191992545 -3.229099740151115 -5.554693388287197 2.8324762944881794 -5.412531275558094 -1.057993205685866 -8.674101232502924 7.44105819593283
50 600 0 0 0 4.077721806846489 9.436716244395218 2.979869792166519 5.574711218469584 -0.8742493810499656 13.267527889929367 0.783342842650664 0.19253576716481163 -5.433820855956953 -3.222744715190147 -5.95015088926188 3.239194613618194 -5.214444448258185 -0.36220173240476217 -8.499093679555077 8.496197545772276
51 612 0 0 0 4.7205368742653535 9.584194689352104 2.798776702201681 5.0656879300037305 -1.223683047338071 13.573853590338055 1.4438616343102975 -0.09593409300639594 -5.196450712389033 -2.707800667965086 -6.778847949041562 2.756805184841205 -5.790371908543856 -1.9374211198616509 -9.678286477364479 8.465695352455848
52 624 0 0 0 4.878964880631261 9.831807421876682 1.4731329593127938 5.0562517968201846 -0.8138422631919926 13.256782924982513 1.2619231865887144 0.9626640846654211 -5.766867056309602 -3.632658287341536 -6.015242995021814 2.23503062285575 -5.695492537708687 -2.2537325061692686 -8.965310947442067 8.689400537761694
53 636 0 0 0 5.1072816467863875 10.621944962570826 1.2189076180795488 4.929903553413453 -1.0315574931138953 13.023237739314895 1.9124532180005382 1.5410330076112573 -5.115770066957403 -3.702661871046539 -5.137635576925327 3.1712046696367255 -6.146031382370947 -2.6505743642350468 -8.621512430976207 8.0113680101487
54 648 0 0 0 4.974301886107605 9.884918666376187 0.9983350815926181 5.163978515820904 -0.911753859343797 11.305979494270844 2.3394573011858295 0.5376782816553771 -4.183214419080768 -3.266700069701234 -5.921493753813476 2.5495630003054255 -5.741633115596288 -2.087821018100857 -7.7047423956176875 7.491849705247707
55 660 0 0 0 4.038493904231034 9.212011737222637 0.8374207683414822 5.188026835878551 -0.7526028436000283 9.575356937686756 2.4861515979478037 0.9465240618902413 -4.066728368647945 -2.656718442329371 -6.669286913811781 2.459564204664949 -5.815307139141977 -1.9740863656914533 -6.177350227986091 7.1743052015133335
56 672 0 0 0 3.4401782425915703 7.975633275193952 0.8828093325393325 5.429275350144164 -0.5046323337372604 9.556945591860758 2.659295566892169 0.8822637077719686 -4.110972899676102 -3.048809376355343 -6.394155221618856 2.8197095204128377 -6.113185301535438 -1.564695285769444 -4.640730845653781 7.313658455965457
57 684 0 0 0 2.206720773086965 7.597021235792923 0.5492886997807099 4.903718073998308 -0.5121143063672495 8.72762426496507 2.8409240141843073 0.5275956140849495 -3.4018776221219866 -2.982592446815746 -6.579229148583915 3.172879435018231 -6.373649901094748 -1.6880127814365908 -4.1988827382345795 6.934649227490284
58 696 0 0 0 2.0263349261036643 7.943055071954162 0.1488930963958936 5.226336313140776 0.18549669716199513 8.23206057047833 2.1460811371418402 -0.5696621992867955 -3.3468909822183877 -2.2366957774322014 -7.351250133715256 3.221773188065487 -6.175815618852569 -1.247503352237964 -4.407235900034272 6.5494017795404265
59 708 0 0 0 2.284056098680078 7.70363178656723 -0.6403502622484674 4.915765380533519 0.2530308782102644 7.719664007103054 2.399256094066069 -0.7371054373929632 -2.9559510364354336 -1.672034883549424 -7.0620638190909215 3.697393945448598 -5.62567198522996 -1.6677772211189577 -3.5861706969507923 6.79847558958535
60 720 0 0 0 1.4334460754973612 6.696125148261116 -0.20409042816232276 3.9029739557789935 -0.038308022043215206 8.290192944123673 2.509018661127731 -0.8780001926954819 -2.849256887261903 -1.275683002641626 -6.834998196148119 3.7230970369007608 -5.483532694232188 -1.1260072628858944 -3.1866368844676254 5.919144521011575
61 732 0 0 0 1.3404430261407632 7.633465876511246 -0.7529884133286551 3.4714923108673696 -0.30420629727901116 8.377993051633217 2.875315159495728 0.641963313455753 -2.4786722779308255 -1.7193493280940115 -6.385777429434285 3.846360536542847 -5.807215808625615 -1.4076963325693943 -3.739109020918696 6.21824133514977
62 744 0 0 0 0.8718290333527642 7.383107239597289 -1.1680712799447301 2.7334996164685865 -0.5627961428765331 7.411405719952305 3.647699968017203 0.6145414453917772 -1.6207747514339585 -1.4122683343131759 -6.8751180803901715 3.049176694141038 -5.699857593276898 -0.18646323451784763 -2.9499598351102954 5.357332393035054
63 756 0 0 0 1.5655821927402478 7.615265150872371 -0.9557022458973713 2.571374925055275 -0.3425086864816045 7.507753831636187 3.684256548646063 -0.40962094059741316 -2.5628933433061962 -1.5959873233223474 -6.370305254852761 2.686224991905569 -5.611551351347979 -0.13211433732097777 -3.9515582587452287 5.0021009718302425
64 768 0 0 0 1.0162264645905796 7.333029931006745 -1.0419734117404909 2.8850404688097133 -0.5231015699396391 6.9063955111759725 3.620592769890927 -0.29121343737455513 -1.9929623430569905 -1.6389146197251816 -5.8123658419050255 3.345088619076233 -5.092955979049204 0.7348385282676739 -2.4624293059787257 4.416348168268287
65 780 0 0 0 0.3654585951099545 7.313550436233773 -1.2827954054818569 2.545877977639222 -0.43332645512991125 6.978130314430709 3.7931403676339395 -1.1726450395726775 -2.3957363824166555 -1.8680572468367123 -5.7221597488551526 3.254541986237389 -5.462972906558616 1.3154684083156827 -3.0719625053464017 4.526417296718859
66 792 0 0 0 0.385479934192166 7.534681020640669 -1.5940572891493445 1.8568574994981237 0.034610268600669514 8.360936027618926 2.8783809264400713 -2.603422486969956 -2.2478148985937274 -1.7697752089107948 -5.556801052547042 3.3425384215022307 -5.8687580747281975 1.5242455313577203 -3.6397993225499916 3.8439924474937253
67 804 0 0 0 0.3343868046487002 7.70335373944098 -2.4368902961579413 0.6651111804816352 0.6804078211833755 7.313612246946477 3.0388881091116597 -3.26625251657553 -2.7026416326939504 -1.7237639358755321 -4.911235751096133 3.4453555432390104 -5.914349996025982 1.4615238174018093 -2.3314573939492287 2.9936681537418606
68 816 0 0 0 0.20875520725732521 8.206789001179638 -1.5289237419712631 0.9765771181752859 0.016372432727749686 7.691673991825967 3.827665694117015 -3.699153278375688 -2.285995779683753 -1.9292736483414363 -5.202105709506122 4.215453543140298 -6.418982527908439 2.090172817065108 -3.207534696903308 2.691616069817387
69 828 0 0 0 0.2243104996176791 8.170104340756703 -2.0320397050045784 2.0335719504861256 -0.5525082897682031 6.350133928405908 4.245149060514146 -3.5284141411359435 -1.4342905268242945 -1.6077787589908 -4.994869392793593 4.586878900724899 -6.542101449474008 1.9016791304393514 -2.124264661429352 2.1940699246473083
70 840 0 0 0 0.05403380312141534 8.211576988663602 -0.8429016418998323 1.6175915293227385 -0.46726983475871564 6.967113450864124 4.157094656329308 -4.317827198705197 -0.8133621152290428 -1.929387707752449 -4.664029257198315 3.9956995757215186 -6.833666843677549 2.257135544347024 -2.3540756762144963 1.6881190086678053
71 852 0 0 0 -0.7447050201632283 6.807861162064189 -1.4357002265196765 1.3249067661229879 -0.051637835842653135 5.948230356385964 4.819165933677018 -3.891912451844672 -0.35283051434835033 -1.558587754775659 -4.442655518574285 3.928121523798962 -6.370983048961027 2.6479018693652874 -1.112596878144061 1.606267104753821
72 864 0 0 0 -1.317089490168716 6.0606322381801 -1.2755240200778877 2.216728231187652 -1.2168172771675687 5.3171809364862845 4.754161796710644 -3.325105745001773 -0.3913662273538111 -1.9408640058814175 -4.990366436818132 3.541361840864758 -6.746310038917418 2.4399837817751897 0.36473053443967607 2.2135575064384714
73 876 0 0 0 -1.7030099971668742 5.7534015749523135 -1.485868821695873 2.7771621383813505 -1.2482476620824396 6.105768099138066 5.288158889588717 -2.620491022163751 0.38369534600188293 -2.573423383581338 -5.7769495258595995 3.843779464140408 -6.186212481252532 2.5240235832997757 0.4997542621755877 3.0949933481335843
74 888 0 0 0 0.03481734731502173 5.607149425077934 -0.7898843278733182 3.663917171869713 -0.9690379789101873 6.308526127749782 6.288115868499052 -0.9345079213524181 1.0831956981417514 -3.013267102031655 -5.568524406892663 4.484469925414977 -6.797833257099336 1.7023293364721697 1.6352458548109992 4.239939251561722
75 900 0 0 0 0.1798917645362047 3.8626390071422665 -0.2966904878705026 4.106648890592844 -1.4041813359444317 5.426499619841541 5.582499571210378 -0.49628693064765295 1.32603229128486 -3.548882352670304 -5.707635998972697 4.143458139289626 -6.881971147157164 1.7589730816525693 1.4990504013031363 4.882773160253098
76 912 0 0 0 -0.734892390890465 3.347448636028068 -0.20416139976472084 3.6772925600080226 -1.389569633536086 3.977372217384145 4.708613228768612 -0.39010393235083174 1.2316327446020405 -3.455320024778708 -6.017052237516326 2.8932046175411257 -6.113286112028611 2.5297288312475765 1.7553966805358332 4.599933219752926
77 924 0 0 0 0.04456785934028373 3.144497337983489 0.2860889961865518 3.3346842003052144 -0.878750179267294 3.6089279779403745 4.871783428447815 -0.19916201873049946 1.6264145615529897 -3.156280869387967 -5.707575215857883 2.9866267564749718 -6.5151422640783565 1.7085657392901579 1.718548970136402 5.169433953379831
78 936 0 0 0 1.2514287647794604 2.575116059799372 -0.12221599049888376 3.6245038891222396 -1.3898369060461988 4.43485142052935 4.2950269443701545 -0.33966865058363527 2.395642296792458 -2.670915934035657 -5.9333455685707275 3.507252594152441 -6.286037810912668 1.438434147021785 0.8462500832397816 5.197439091772795
79 948 0 0 0 0.6193515508466698 2.3719811458888245 1.5688811129406608 3.2107858052469638 -1.5035165664465864 4.195379681774448 5.271840264086012 0.4013935979045379 1.8214528683756261 -2.363216334093898 -6.7757885222328795 3.7425290335098307 -6.767172199325507 2.022259398945145 -0.5195593877248906 5.4015509974633265
80 960 0 0 0 0.515803219439283 3.589173573593018 1.0258551446411337 2.2992849106893503 -0.7858749407565482 5.622283305012978 4.405122044859838 -0.5237159649032459 1.7727734824777437 -2.586891513022884 -7.175578620517174 2.934339386020246 -6.5389341941060115 1.9383786610178966 -0.604698554623827 4.812940347777156
81 972 0 0 0 0.054539277196269775 4.373986856217967 1.1012324703215357 2.8769079636237627 -1.3741841787778977 4.931015472673272 4.817376917391114 -0.6688278371018025 1.9008280456668838 -2.7226619570766126 -7.979374532887523 3.405326358245341 -6.981854733274399 1.8460864809639919 -1.3654220670044952 4.706011197791055
82 984 0 0 0 0.995456664492226 5.958823304591937 0.6571714759361365 2.406218094555385 -0.5682409428115066 6.0173667172610825 4.97639105529816 -1.8462551515619432 1.9762055927442386 -2.8470728518974813 -7.491136039771768 4.3627007789444185 -7.965249403142613 1.5136800731850761 -3.0580898507640644 4.752805816122248
83 996 0 0 0 -0.6318875801297863 6.462065310162352 0.9382223874011315 2.933880159826743 -0.4000235222324419 6.204741645784624 5.896176323684759 -2.1579962366660412 2.624324618441733 -2.4881458168298902 -7.482855730434291 4.897080277115017 -7.873184633488645 2.0308492067282886 -2.00157824641433 5.115255129011703
84 1008 0 0 0 -1.7641269429347974 5.977284741413805 1.3853241698444176 3.0949899470750353 0.023581901981900022 6.882005425591588 6.1716902118261165 -1.205871569945858 2.565990535734513 -2.1108463713681984 -7.351695980891562 5.462703250514316 -7.165836026531096 2.6186747867010687 -0.7533413544711176 5.797822148141238
85 1020 0 0 0 -1.1673092732977022 5.811697464847157 -0.004004629570109275 2.727758087849744 0.715237738709357 6.822189179983445 6.020593444977201 -0.4133204042534566 2.2268215642910354 -1.853066890323118 -7.70295814589885 5.507808862136423 -7.164853795200762 1.7795639989084893 -0.44854666561827633 5.892074209397675
86 1032 0 0 0 -0.7246967086325873 5.392408777804687 0.92544664151777 4.405746388881562 0.08900398277930022 6.77162415617069 6.176648830084769 0.21088612291761277 2.736498509994407 -1.5937736068478874 -7.836949383221533 4.992014355596678 -6.682276312851685 1.7181549876474913 -0.5627029636751609 6.103863994380003
87 1044 0 0 0 -1.1443843667002105 5.189200919567385 1.2846068292720616 4.271389666629451 0.50463082648907 7.08145906482973 6.345472353733698 -0.025606853048551398 2.575934403588478 -1.5889382863234922 -8.136958341620517 4.8726887387011475 -6.592185535577196 2.5536845840840465 0.5410126689679581 5.448997826540489
88 1056 0 0 0 -1.13075194283795 4.656479045105275 1.3779611612107228 4.689502333536509 0.4367820496538059 6.017935367872539 6.936294989564136 0.3330260020579491 3.7797962073816906 -1.1426032569500002 -9.25630261233731 5.0831915962140135 -6.961788740626528 2.5744498268997416 0.8083655671059881 5.439155200591304
89 1068 0 0 0 -1.9493973877803823 3.6088166764936265 1.6377275965671128 4.4593281336239 0.1251190083058364 5.237260958709042 7.246101250384873 -0.2742687495537276 5.095632955396446 -0.5561529081423143 -10.039401656894318 5.287170645875948 -7.086457254845026 3.133742971018663 2.785493296482906 4.763122969898061
90 1080 0 0 0 -2.5371642697265107 3.8117868217025452 2.040210595826995 4.594394397212098 0.03556842353820801 4.9528812199181536 6.674646637400658 0.24742340023950282 4.269371913382789 -0.843586593824281 -9.39458551731261 5.508683041199424 -6.991096174147664 3.120955299716851 3.174560201638903 5.240964156904462
91 1092 0 0 0 -3.3466823497415916 4.36304232791783 1.8763210463611513 4.659044876033519 0.060887103488816645 6.050152253935438 6.501924980337332 1.0022616109518288 4.177318987753913 -0.6658610232572199 -9.889220887234355 4.697262547940782 -7.112514954704667 3.9332337908245782 2.8682112935790487 5.392915614839428
92 1104 0 0 0 -2.878652225063345 5.776072295959744 2.0047724482660594 3.9684156800638957 0.3952461802718275 6.265756877840279 7.209466366190753 -0.028086729381558984 4.480687705964618 -0.34891796019879145 -9.792901368111552 5.020566952829345 -7.1679316642901245 3.2491292745849485 2.272086377454895 4.970362729574962
93 1116 0 0 0 -2.1823680457882864 6.901835724527268 1.8030310769061726 4.231922479849124 1.0306913344888362 7.043184509028216 7.953876662799874 -0.26689365212917643 4.4402550069972 0.25257596812283906 -10.113763002953663 5.245239499503728 -7.071329672508185 3.013688892127176 1.8477725781227525 4.625104542123696
94 1128 0 0 0 -2.245625312536754 6.813271844699021 2.2345514624036467 4.409114485331017 1.001463910541318 6.738074158869191 7.369777720017897 0.18543646597027624 4.705730840143705 0.5160602417424146 -10.314557462494927 5.911072461658544 -6.866323150887958 3.4763098943997477 2.4484906731499785 5.159608150400935
95 1140 0 0 0 -3.5694518223039746 6.220172072567738 2.42334975323792 4.636322174064692 1.3599538441773096 6.489565205139944 7.950891294576908 -0.7837866040036141 4.827719530788315 0.2978751565087542 -10.279494748131773 6.118610918547087 -6.14188004810159 4.8446468234372775 2.3395779368700143 5.213218482543149
96 1152 0 0 0 -3.4422098983096294 6.043642841326461 2.055693992379373 4.302290242494727 1.0006765954673449 6.9412764670160225 7.196252932214314 -0.8497680993772988 4.324675522922923 -0.12090135994035256 -9.435908847398748 5.567150860638954 -6.192188806906182 5.127388559165422 1.7024714421166383 5.259947388718105
97 1164 0 0 0 -2.6622207419736132 5.579882883220337 2.0109105503486533 4.273981645246843 0.998753822776061 5.980393247078889 6.7631057747532815 -1.1877096413907546 5.2139045878285035 -0.6563724578918304 -9.622754603922866 5.552521112689974 -5.928557952289177 5.6771707263973585 0.7862346508246941 5.077165243174407
98 1176 0 0 0 -3.0207439813070067 4.869935274786356 2.307349520834581 4.753279728797112 0.3634591217445573 5.740964464077076 7.1059396139317474 -1.4032419149661215 5.715594153492197 -0.5650660824756165 -9.365710864137885 5.971601075285194 -5.78533671545381 6.176259461488189 1.2322452001322914 5.234583147663643
99 1188 0 0 0 -2.684200399962339 4.9646902034203455 2.272204924360847 5.275846848972277 1.0531255396751715 5.529838589507255 7.6674359573285455 -1.3116339544443736 5.023973916023382 -0.6142671580773161 -9.65748220429074 5.9237591928011915 -5.929282143368624 5.020900132461939 1.1399769423970907 5.349360658621061
100 1200 0 0 0 -2.8651651298674676 4.36299675474413 3.0918205832121437 6.340704808284376 0.6283080470865349 4.8638301829707755 7.7197587727373405 -0.2296834238830261 5.152007896808693 -0.2531798837990253 -10.503458728784661 5.83006661737001 -5.753336485851992 5.131753100752752 2.4116487234258477 5.518285749823879
