% # columns="iter, evals, sigma, 0, fitness, xbest" seed=113895, Tue May 11 15:40:03 2021, <python>{}</python>
1 12 1.9629879554026692 0 118.0 1.1768518157890147 2.1575438322547384 -5.306298235894021 -3.156017055538038 -1.3639731359834228 1.5328707653246743 -3.5011680053960967 -1.4641327230392571 -1.2035474878090149 -4.782688378108733 -0.10403079278336458 0.6182962480263354 2.537829013077398 1.68814515352788 -2.5702724802828003 1.112262149800962
2 24 1.898948198342248 0 120.0 -0.363405651385563 2.768066843170427 0.10772011278102189 0.4567602740011596 1.74504307869947 0.6275696371473835 -0.10809140445974785 -2.3156882463389725 -1.0430293687252805 -2.121917650240745 -2.1104482947816203 -0.3034347582138613 0.08389424726334394 3.0275710558560562 -2.47365244490747 1.0878012572288713
3 36 1.8553222452917946 0 152.0 -1.211924691007829 5.436287498023427 -2.729161115694628 -4.276155708186209 -1.8778115667733526 1.6938344234658924 -1.7987382007663129 -0.44369130908969956 -1.299394233133634 -3.329514798808461 0.2751544348429109 0.6405789949355488 1.9194188246629333 0.3900043249766769 -1.3412492972748746 3.8710151853805908
4 48 1.780401095373899 0 164.0 0.4505668026912071 2.889818059740781 -1.5504335443298747 -0.4817545622829651 3.5683900814715983 4.748340706034989 -1.1812094425473596 -2.7659983775082466 0.30693623023423067 -3.86275744121336 0.11439907805381216 -0.04968374475784862 1.673113194449562 2.3422636235801884 -2.1919810679359837 0.8527267041589985
5 60 1.7178681538422642 0 127.0 1.6083412916592357 -0.901983106250134 -3.4803527146810795 -0.4317897823609185 -0.2779765289575271 4.159229269839427 -0.6436936618692962 0.32011873570334926 0.9112378624610382 -2.2677659942383848 -0.3317592878673923 -0.3989001086826466 1.40042483240111 3.981706631696758 -0.10040319760711847 2.2421428848441036
6 72 1.6642356203174427 0 97.0 1.6493994783640646 1.9541792185814857 0.05481118535926255 2.845862537844216 0.8823095495267489 2.293097104839565 -0.02939798531281764 0.5379606374677027 -0.8476940590103699 -2.884904632678044 -1.2536687394291124 -0.07801105241784118 -1.0353141123361103 1.3620056852798446 -1.3626775266382973 1.9833738260209253
7 84 1.66402705526006 0 134.0 3.1054751405739616 3.5806478167821574 -1.8730701624399382 2.8258456185558325 1.678791609019881 1.371872584279002 -2.001592378887175 -0.5161061647357259 -2.9611113555862283 -4.76402441838605 -3.78312040439413 2.2345834457333664 -0.3665726424595247 0.5062445424702395 1.5153266378476467 2.6649393746021373
8 96 1.7061568854551272 0 188.0 2.6593771469528775 2.3497460450244585 -1.0054207642163382 1.8309841033056165 0.17582367615719252 1.7796065148275342 -0.8555432005018948 2.0978123827893786 -0.9333978747965673 -1.4969129708342253 -2.4032059985903333 1.4706747801967448 1.661376109808385 -2.144245731211348 2.733304718673936 3.1163394188414966
9 108 1.7479832073568766 0 121.0 7.064241305351899 2.177600166305516 0.4199539191623869 1.6559479326206203 -0.2751380448287666 6.193912841905382 -1.646372634783013 3.4377861305718804 0.2668954996334514 -1.534730592795853 -0.307143293256533 4.0536125174404365 2.3890069857903318 -1.3625785552793608 -0.35730453605467805 2.5940038025086722
10 120 1.781027468909459 0 196.0 6.443002519862654 1.16934666007973 0.34012117899427996 3.123734547947777 -3.741441351747077 4.635093268217623 0.11782885795849718 1.6024567931131557 -0.7003956602698569 -2.639373569071341 1.0953154772371836 2.7793028373680397 0.8603360902549437 -1.8574434611511905 0.9510811094632325 1.0207159595417767
11 132 1.8087671658705164 0 168.0 4.620904941728122 2.010854563097896 -0.6682695178216816 1.518398007545647 -2.5491646224563396 7.019115157692156 -2.847652337144246 2.491044648597356 -0.9963845109342541 -2.7971067731494883 3.4888801682963475 1.8913551578496377 3.535864540164286 2.259802838549053 -3.87184186790392 0.6790844472771931
12 144 1.928148944306408 0 173.0 9.298033337446793 2.880973252328837 0.6795609707604875 -1.1484971560841268 -0.666232048901874 10.188363692437509 -2.5775038870596494 2.6246203549141573 -3.3761452807930876 -6.313355025956664 4.4765209742543695 3.5455674305966536 1.7949679535661855 0.3440022312350813 -1.4851725295537612 4.119402742533004
13 156 2.0173539656500123 0 151.0 5.350586796224599 3.2956325433941136 -0.14520864060843902 -0.661464824382169 -0.6740448564620263 4.196461212959942 -3.193069428409107 3.4250141193690027 -3.246944453336104 -2.638426946586611 -1.1316365724777318 0.29011663218059947 -0.19534708406834733 1.796269581103679 -7.59203490893907 1.1495805662932925
14 168 2.1032166178267784 0 136.0 9.242851487989418 8.099038019527308 -1.946599278233987 -0.4320291841167643 -0.8610746252879841 9.2666365837953 -2.2705043390793973 1.4367955984572567 -2.7436604536118026 -5.97373769097269 3.2880416375245645 -0.37236835580820626 0.46735351664817926 3.00846753241441 -7.422724553791067 3.3555734531199883
15 180 2.2675901094263837 0 175.0 7.002076336184372 7.248925965862965 -0.9687540356158125 3.1807731712416865 -2.4434385320250867 3.5618304180081006 -5.179682440139896 -0.7230384022018348 -8.212515788114114 -2.5891490883906005 -0.5825062320128063 5.046949746459836 -1.5804539459099738 -4.246459807324603 -9.427021888603475 5.350844455698607
16 192 2.313111218443452 0 141.0 8.384623116360736 5.4423724782318175 2.4872797293067546 4.536499051808659 0.8529435718191294 6.756012004289781 -1.0364913761321657 3.972338957793588 -0.6630983574647988 -2.399388307730081 2.1324750948307294 7.35516049475538 0.822690560122644 -3.3424963018575404 -5.972123766661944 3.228320557762024
17 204 2.2838040170513523 0 171.0 8.359665913362235 4.849481402084331 -0.4766473151506508 3.0531305853673985 -3.1128627643752385 3.446581428537936 -1.8892048223915048 5.340625630397229 -4.033609168794741 -6.3898950671373855 -1.2311428605705024 0.9063984242141236 -1.2215125846310255 -0.7455537947325521 -6.576514525058124 5.702274779777602
18 216 2.341531521132098 0 181.0 7.580860555805646 2.930385843603731 -2.985970039985129 1.037987122950356 -0.3395317469148229 4.869710866198244 -2.6759942971843174 4.717879738818584 -7.4807056026662515 -4.632729325426031 -3.3319554011533303 -1.5789790269762976 -3.24200844200538 -4.886026959574403 -11.940500172946463 4.463649581642958
19 228 2.3710010449152485 0 184.0 7.715303047096787 7.453814260350949 -0.8954861684648006 -0.08955567541753884 -2.6359857571327012 2.0926373961314964 -2.0325709761192847 4.207301501065151 -5.772946739439466 -3.2403033999936017 0.7188133524509035 2.739838065153331 -3.0647702422608516 -4.010678526624785 -10.066569210184017 5.323544570397598
20 240 2.3723136203998796 0 148.0 6.424330317782662 4.733182085943559 -3.6783193686355515 -1.9661559486037823 0.25340286870675555 1.285293186444731 -0.8355325039531909 4.628583441689409 -9.53269024423515 -1.637599412301306 -7.2044516737140825 -4.708746803650475 -3.306689830881835 -4.064760530973069 -13.402187152672427 6.519966984164311
21 252 2.2279868164568755 0 180.0 5.936365434502976 9.13761902355621 -1.7653670944212818 -0.1713574398337087 0.42603823082051084 6.339803440505764 -2.8055990353641764 4.6254390750903065 -5.244611689609687 -3.824415262666286 -1.7476318749907418 -1.468428329965294 -3.9126860499626392 -2.590570207579595 -7.982543429197477 3.152866881336293
22 264 2.0805777261018887 0 141.0 5.3735661222667375 7.936867911971032 -1.9229837934597624 0.16439695979558183 -0.5493453670084327 6.020380359220367 -3.7693698809883314 0.06920197544966067 -10.444521191863888 -2.0490825418427363 -1.69081911841452 -2.5470817340324188 -2.8765898460205666 -4.544819257501613 -3.733431853233326 4.5935219421862525
23 276 1.9448383913845775 0 157.0 6.04085649835707 4.27106900227253 -1.3455013841363312 4.233038638368041 -2.0034193283015624 6.412888499714912 -0.9009720458292008 2.0681341743775308 -4.330735486196996 -0.12242908476601366 -5.128882958778432 2.0247426484000823 -0.5108116453908691 -3.0591244249592213 -6.156538976278201 3.5313054052708046
24 288 1.86486143312433 0 177.0 5.572596151127346 7.1131276857388155 -1.2599726978173102 4.148082562443127 -3.433986079905176 6.806930091346612 -1.1985481567380216 1.0559778800377142 -2.4852041840704366 -2.8417271447934906 -0.929968245406877 2.267711408085238 -3.123882011767094 -2.8058050627653164 -5.76377325891359 5.1309474253006355
25 300 1.76958385113202 0 187.0 7.714373539639505 6.641524011749497 -3.44541848250724 4.607380986475199 -1.0369099316388712 6.374765590047093 -1.6537636983005277 -0.03127970820687298 -3.044806538993389 -0.6011635217693292 -1.988854331843809 2.3769457907147413 -1.8679183131219497 -2.626345751372768 -6.301072077367836 0.9566662017429461
26 312 1.630833806561014 0 175.0 5.859832767445388 5.658492337448552 -1.1096009037745798 2.981793282707442 -3.4061542522089345 2.9789398805883818 -1.8718749629203195 2.1019957053832146 -3.3480289977541062 -4.618132639848753 -3.2842773977445976 1.2661108166840542 -2.6643265102748654 -2.7599422361889054 -6.295213856766248 2.7032999732619354
27 324 1.565732054254453 0 116.0 3.5668799434097904 5.345167267864198 0.31757679740557476 3.017943361626349 -0.6913071608693158 8.555862406150617 -0.11569973805408906 0.7218910965030051 -5.005096791533343 0.57082539821968 -3.770497173435371 3.4363561665411892 -1.841041498856712 -1.7881733439015468 -5.755450320215133 2.838902456730129
28 336 1.6207604461198148 0 174.0 7.055239798847839 5.813382990071756 0.5739663345080765 4.967058370070893 0.15392008570994586 8.60878846490101 -1.0272155946048422 -1.7881390202384662 -5.2076538406964 0.13749861894784 -5.8427578721130455 2.980185200815117 -1.0155348519695933 1.2969966578660856 -4.515011440889275 2.527105485028076
29 348 1.564097735205261 0 163.0 6.883574576116677 8.138496408503027 -0.34129879030032684 2.5491535835441024 1.0049042044790415 8.204421888729772 -0.09763577990754678 -3.3090379228363402 -3.3395895387435424 -3.5284420017780027 -2.8641277697811374 4.231326678885135 -2.2360106982414205 -2.311972142057771 -4.325590693998449 3.7345105849445903
30 360 1.5577660703711795 0 149.0 5.830076360914469 9.864223083264692 0.2531645004283519 2.144279740684012 1.945588324574532 4.657238724158699 0.28927357865047565 -2.006746150974963 -5.221723298490309 0.38528912406343907 -8.320439912901806 3.2605686071478863 -5.420088222622637 -0.8069936644433471 -6.871249787022543 3.500044067846396
31 372 1.5427103546625558 0 184.0 3.5994705472088406 7.488760518839321 1.7932452226610338 2.5812027667790094 1.2790193096939309 8.765821872103375 -0.1664618888508323 -1.3314010529162368 -6.1240057740667755 -1.5736067933056537 -6.64761666979833 1.183855882832668 -3.4296449996785765 -2.237242150976154 -7.6219466138595 4.039837204980254
32 384 1.5116713730670936 0 183.0 5.537448019915807 7.858814494060882 2.9995843303445993 3.6442521785223043 1.6369928503386646 9.295987454898222 1.5907785263246461 -1.6567598176172114 -4.553895465295135 -2.117132560961372 -5.822596546226498 4.090696218207576 -4.8284089306087035 -0.7174035358199842 -8.479300218211364 6.62789347622954
33 396 1.4954228887988306 0 173.0 6.3789865163438435 8.477023229038572 2.649209933008774 3.0540756357539323 0.226259667812793 8.061960581361113 -0.6121267128945644 -0.09538277299564002 -7.929872079242816 -2.005437311118272 -6.607002204113287 2.4817663080895906 -2.801170735947247 -3.802183467732883 -7.945102609221706 4.346754429553411
34 408 1.485315042630636 0 168.0 4.091174242038833 7.9200089100372795 1.1021475352069818 1.8071792543453207 0.22964025448051317 10.168817745132596 -2.719147373514796 0.6599546778402456 -6.148923328347463 -1.4083789153182584 -6.065267844038438 1.7917640087383537 -5.228617128683132 -2.9980883265784857 -5.554039484037393 4.980117356374469
35 420 1.4714246528319348 0 148.0 5.526220706898957 6.930425924663269 2.93179060772202 6.004428802950344 -0.9817346002233476 9.655736054690815 0.11471335244158776 0.8758540454488085 -6.21683792289563 -2.6631081929138527 -6.485358583379021 4.324605039385417 -4.73340915998067 -4.764175713120396 -3.7785965603000973 6.539585885798299
36 432 1.446088575858493 0 191.0 4.527031737791173 9.160395727241504 1.5665865342455576 2.6082528698985272 0.37158927528229657 8.706523540333963 -1.8312531006012487 1.1397900017113125 -8.518899944708432 -2.445083280799289 -5.807877186606372 1.3102071221854854 -6.1667925678625135 -3.6997438570110255 -5.278494328953779 9.274215037263607
37 444 1.3988565826887078 0 194.0 7.838044716511417 6.514315518636565 -0.4565307242008807 4.525179817234095 0.6078476466680558 9.078130090126193 2.4655359660569363 -0.2277391636164452 -6.891557640382972 -2.6962810755946283 -4.557767875639178 3.0551000773570007 -3.1263207235993975 -5.391171394609373 -4.170765364191158 6.323896096562546
38 456 1.3281883201264175 0 161.0 7.954218111265814 7.318750037749053 -0.7862138297879141 5.141550128018915 -0.21301350852806655 9.757114122763799 0.04926029727573217 1.3542398990589715 -6.063927733419829 -3.2785289937474533 -5.380233708784354 0.7422527719132812 -5.653523810582962 -4.5734749431251736 -6.265224258002367 5.836349022072228
39 468 1.2602206008307262 0 172.0 7.821324101723911 7.064757601257507 -0.7622967702895622 3.41968315372491 0.3963070317707193 12.437888983981624 0.004862835897321838 0.65562345220108 -8.165239244372433 -2.884917459675453 -5.390972267612757 1.908481970780067 -3.9165694015075534 -4.010459168942301 -6.089798446166072 7.178751300172874
40 480 1.2085122289048158 0 149.0 7.2721797931175365 7.040452390349541 -0.3643602653869632 6.379059326436545 -0.06692155291957319 8.172848048997913 1.425357232858254 2.610558095443027 -5.709166107843435 -2.0853454717057414 -7.096439426344394 0.0710833870657348 -5.263414718143315 -5.008504179834143 -5.866583209393037 7.177065817339911
41 492 1.1420146451185 0 183.0 8.161750730667748 7.928806223611369 1.1025835744641694 5.964142020689817 0.2749368584224794 10.983239045090265 -0.8900985046871632 0.23049045030564175 -6.7031770401356505 -3.0333345793582085 -6.176648855536189 -0.13159060189784944 -4.540477111354225 -3.4383996636448395 -9.703087836900785 6.906565363017466
42 504 1.082338312124763 0 165.0 6.117792961415897 8.430339922087336 0.3263617628109818 5.6772610989573495 -1.2041596697981243 12.149858821032298 -1.0914888249823218 -0.14832222440236942 -5.793620452336451 -2.3212671431778036 -3.7728269751069097 1.7471148245676358 -4.7276757101929485 -3.861150532653101 -6.030081386216771 6.319207145669219
43 516 1.104783927309025 0 138.0 3.910102262833957 7.080410967569329 -1.5014483374505407 4.812541442625187 -3.0003484696531832 11.001979706449225 -0.736418192637281 -1.576478111547308 -4.857094988194195 -2.8526601710753843 -5.586766198294689 1.6814108584450287 -3.9221148673361514 -1.3147802192686862 -4.68305436975035 5.7406382678824635
44 528 1.110592789277589 0 132.0 5.234324504959072 8.374119739885861 0.42770918388203427 3.2970667522829795 -1.5569779165582258 10.103307797584112 0.1654445424200131 0.4347090803063236 -4.268900926583269 -4.4462575016336014 -3.0931778774090297 0.14609622229034258 -5.482336010198006 -1.2555196379579985 -8.418359732935013 6.940407667304874
45 540 1.0763882009363492 0 155.0 5.1436481063885084 7.927021465791275 -0.5758928928268905 5.753673190590154 -2.7602969563561492 11.361889305862167 -0.4208932232627396 0.5903654975686105 -5.267038762088846 -3.744768581105224 -4.34416564242868 1.4445105153171653 -4.663958761707936 -2.506253828707405 -7.334465607603648 7.36142403145451
46 552 1.0294312026022856 0 162.0 6.709520189713921 8.930829093226471 0.21273589299820697 5.407087015317132 -0.4974374964715642 13.129968582893909 0.3288952485915799 0.01374703291265078 -5.330146996786768 -3.3267180741991202 -4.084510577943485 2.2880065275825188 -6.891751775366572 -3.536943637655879 -7.708044292913748 6.006632733008513
47 564 0.9895870033606454 0 139.0 5.571518337985651 8.775844726921601 2.6527697929740346 5.2340429824469155 -1.4648485862016358 11.826622858512431 0.33746286724763797 1.5465458124913045 -6.862210228315276 -3.1111897873369228 -4.901026225392647 1.0373180560793864 -4.906000493691695 -1.9542421502078489 -8.055469838392254 6.449635374622076
48 576 1.010140063324514 0 167.0 4.550740959701981 9.83977203340015 1.9864521676546565 4.999775217777928 -1.5314957492030492 10.886861445900195 0.5466358226339635 -0.32433293308373123 -4.151421252008557 -4.098616657923954 -2.668364378270059 3.456594316920203 -5.636268194359673 -1.5939071869201316 -7.4094831295441965 6.68369882428591
49 588 1.0550841813940595 0 142.0 2.899319848919757 9.917148243546588 0.8976979885467204 4.810670692212444 -2.350862234503694 11.507457424953483 0.526445867003527 0.33904325294633886 -4.650410888271575 -2.740507066636245 -5.233718770350947 3.0223653840310694 -4.594737912418381 -0.37103536100189416 -7.586837737732551 7.7796176937090085
50 600 1.1128456109471156 0 122.0 4.280405473354483 9.612437747524842 2.841453303176642 4.799072747891976 -0.949486791117193 13.266915327892223 0.8081999164901306 0.15630218178677693 -6.764447090756505 -4.1063342529077325 -6.7770542748248115 1.99997797082069 -4.68912001181259 -0.020671378402047136 -9.709550796208996 8.652506919301436
51 612 1.1415544289351263 0 172.0 4.032328291833914 10.525539443570686 1.8353711959615377 3.7428711040321643 -1.3124834301649897 13.494921203610671 1.656103788818219 -0.8356052221649957 -5.467030916394767 -2.1251442542517625 -7.263988144641675 1.8344444077961233 -6.438589739736791 -2.214665803907589 -11.188333938035882 8.799318871989376
52 624 1.0775731077077868 0 180.0 4.568279639737542 8.191101170377802 -0.1405137720957237 5.409158615008065 -0.45546712258712874 12.525109221277805 0.9119661119052426 0.12298717925426961 -5.04101740752174 -4.254193339049685 -5.437531870556105 1.9084533857164023 -5.218910139466112 -2.3216850686341575 -7.525365057029676 7.876410760744481
53 636 1.0544269481381456 0 155.0 6.08733397010141 11.243771405672298 0.8342824932913395 6.539278601496319 -0.969722782740934 12.876127426241556 1.1021250465733372 2.1614863568521034 -3.5479001024230623 -3.667273752145547 -4.349654457599386 5.0733090483764265 -5.358588822607061 -2.468855947222285 -7.7735199163440685 7.556414486073437
54 648 1.0120174048457047 0 105.0 4.485117712231937 8.968962228346319 2.014770009955371 5.400972330854437 -0.2056554125945388 9.841156000843048 2.669195458525385 0.11312511948374593 -3.9794104751756407 -3.003216708446052 -7.467453266591823 2.7076515891160273 -5.69249681707136 -1.7292533628914202 -9.330112453965633 6.278348734588478
55 660 1.0440276353975808 0 165.0 3.307901772116217 9.007022427973677 1.4326752719196585 5.320793123369232 -0.6473636322744554 8.79637497787342 2.1165090767628607 1.6407628594459447 -3.023139584111238 -2.5388675798227625 -6.191240007082142 2.871029101891694 -7.584185916173822 -0.6897989638978403 -5.5500224754704295 6.802587516327125
56 672 1.085213816116835 0 168.0 2.9448816870784986 6.202066063489041 -0.17465296425421728 5.460727825399849 -0.05194894175034648 9.186660335754494 2.7521557938855703 0.9869470108837108 -3.3767950343295006 -3.284905125109753 -5.629696403598306 4.046348626072908 -6.852109825666404 -1.4018990793368302 -2.6760990922655714 6.2110209242423045
57 684 1.1336761103626387 0 129.0 3.036383337222539 6.849244682375219 -0.18054587780731857 4.528619613334149 -0.9033490372384545 8.418175685468519 2.8861671078678746 0.8224038037683306 -2.593046307367602 -2.3933875920015573 -5.366503972601839 4.336666487782821 -6.1880933159376434 -1.983514199393766 -2.999766320399031 5.0766688108496165
58 696 1.1508421644226896 0 177.0 1.9856410283214332 8.490262819033347 0.7096485833352434 5.952947553507489 0.7980281698186547 9.01993255885602 1.798368791552214 -1.6809968662285426 -3.273487732917841 -1.991111946818882 -7.935352981292825 3.1725733522161 -6.675758874100879 -1.8541376106224088 -5.342312622184398 7.016927600584008
59 708 1.1678752782752477 0 181.0 1.6364684567592211 7.352617617894435 -0.8157208380931353 4.217872205716949 0.6094191554561278 6.627093748852255 2.903557257840925 -0.7326338307603759 -2.1273760532325454 -1.1697272302705353 -7.996519256319827 3.56553485844573 -5.164399612939883 -1.5985507618152694 -2.3343368066678383 6.280950984428536
60 720 1.165728331771182 0 182.0 1.0124791115186604 6.073759384027983 0.6638826025796905 4.034268581763294 0.40217310665381456 8.985312417881284 1.7517973911755669 -1.3897844500213457 -3.1108676422798722 -1.5451054796683388 -7.686490946935006 2.7507263881032293 -5.2518171790788575 0.29998533193764687 -3.9454838098427665 6.299837884351895
61 732 1.129177959398024 0 144.0 1.59686584169338 7.49172846146144 -0.273992845293629 2.2997869937756623 -0.04521979924958519 8.786726797048505 2.386942949480181 1.3290617124010766 -2.8572951619743954 -1.2881943762398833 -6.36586782841817 3.42442914046213 -6.586287299793346 -1.8126774790293865 -3.8363999592744618 5.871505165618642
62 744 1.1620905869031364 0 130.0 2.1862245897647816 6.932273178235172 -0.7642411114971673 1.4155361515301834 -1.1576433128761057 8.552745260243722 3.694429498087435 0.7487964421045998 -2.7263698876279396 -1.9260622889471835 -7.010039978264398 1.9100001479237474 -5.727174552111453 0.09550239253760773 -4.9350436711021555 4.4994192358310645
63 756 1.1272193395249948 0 178.0 2.146427617112243 8.35680733946417 -1.8513272888784562 3.5853283409427315 0.2252632624181744 7.3689077638302845 3.9029674647033583 -1.6188137856995146 -2.626683074010075 -2.198971222648966 -4.853138060390469 3.528220872308069 -4.843247522227648 0.014947011327073961 -4.553492525242196 4.740279888839889
64 768 1.0991914251094574 0 183.0 -0.6680456564150479 6.247327885187248 -1.2744919050580803 2.9195411592848615 0.17110807182702614 5.903091213535097 4.157965000937962 -0.27124646229099275 -0.9604851093731195 -2.1497661054939257 -5.965743681910762 3.246404429261205 -3.8427644561963232 2.6849994597731786 -0.5175293941906975 4.295120729254835
65 780 1.0719767309336998 0 156.0 -0.7615605906153464 6.276040030924437 -1.9807938775001168 2.400686471040752 -0.5756899772857558 7.741633019561013 4.292579587115972 -1.6913908232931196 -2.9744420096399673 -1.5911321383172268 -4.59756443068749 2.4135340296679475 -5.556516800233224 1.8420523685738397 -3.5353362014109293 4.484660601328806
66 792 1.0923852063412904 0 168.0 1.121644102781786 7.98878332375207 -1.4694474093967897 0.7456517658479458 0.6471846550028251 9.331465557963222 1.865790255482363 -3.1825831895352916 -2.557081927772862 -1.93941298016208 -5.826910834120306 2.700115659634277 -5.283342172149305 2.1739270414913467 -4.187532719589681 3.2723390009924525
67 804 1.168570864619824 0 146.0 0.41494026212225416 8.491231950560346 -3.8729887028801038 -0.2719554478211357 1.5348790355288386 6.331393162603943 2.0669170562297534 -4.262203607766494 -2.80735239387532 -1.7758828479370288 -4.66609622683412 2.828841684277167 -6.207806130160044 2.1540439492936145 -1.8507595053464967 2.0513342321818624
68 816 1.1974614268361854 0 130.0 0.25296617151484363 9.827300179737936 -0.6712398583700854 1.575161443700796 1.806968258948015 7.4733899366398235 3.8454837826897816 -3.5233185216161753 -2.238637561987659 -0.8415835349509002 -6.585177963112187 4.040924918024819 -6.8956609957036585 1.5431759760088068 -3.8225026224726237 2.437077815016465
69 828 1.1923075638617084 0 146.0 1.82498188046043 7.852945869441853 -2.9460801009179014 2.2802954342481616 -1.3908895980713722 4.3860178635604505 4.842355492066511 -3.5005593541675433 0.10389686054004299 -1.3333234433156855 -5.839044674889328 5.323758920654162 -6.211542369492384 2.2088998593804714 -1.5505302901426123 1.0593726358933666
70 840 1.1922831271149021 0 170.0 0.08076834919932777 6.751101385272823 -0.271545892130588 1.4792746361172138 -1.5876714038374287 6.193528063936021 4.311975266023369 -4.922846676804536 0.3253218340676216 -2.5094829393246663 -5.22661213138491 4.579905534598014 -7.723298755713367 1.6387702636954709 -1.7594876118623985 1.218429157722479
71 852 1.1561761835507918 0 186.0 -1.6022745604219963 6.812752741828446 0.08396273213142103 0.9415408192332677 0.7112144440941677 5.033289889122843 4.123315474163457 -3.763857584353619 -1.5223716601939095 -0.7445973594158282 -5.900819815963917 3.529368172691626 -6.805539865369633 2.4271055453593924 -1.261495289019894 1.5854737564875372
72 864 1.1534746764241042 0 154.0 -1.0233845897745604 4.720856528332595 -1.2847441373612876 4.28053670805012 -1.258859889152129 4.237095215327281 3.869751292167161 -3.719259555818008 -0.2402591402406155 -2.0840412533358403 -5.286551464967911 3.1395658127576493 -6.725171485114357 2.9643667664948783 1.3198495825703125 2.5706977892600706
73 876 1.154885198377358 0 154.0 -2.4778630568387783 5.555466002932455 -2.1330847577568273 0.8981677551905407 -0.15414148621859813 6.357771456016546 5.181541263420255 -2.686148642441447 0.48943241373412183 -3.53848012614647 -5.268531942324181 3.201361386294826 -6.552129208610595 3.755577082405335 1.8551890946310212 2.668451077357534
74 888 1.2416890191139107 0 154.0 1.848574405489864 5.920530136047985 -0.8298132794820493 4.402222543065944 -0.1424943880858509 6.308495191694435 6.881159292238862 0.38460205852673823 1.1295689282958556 -3.6515177471490694 -6.14888391844238 4.937968897704077 -7.808775928007787 0.321131355391731 1.8013538874341812 5.193795126950825
75 900 1.3273585046320573 0 183.0 0.25447443693446303 3.6166136177396546 0.9272294636593029 3.736701536744273 -0.9473043103805435 5.483413009137798 5.270687880924985 -1.4961485861872812 1.1717106323095934 -3.774160863180263 -5.838894324003029 4.422019653865612 -6.22883560940532 2.9628095856793317 1.8742127040201533 5.08783286211742
76 912 1.3897501534678365 0 153.0 -0.4113851597172917 4.023650026366276 -0.5239593296487945 3.5769050851406203 -1.931643605927626 4.277387621177839 4.732718676414202 0.9358599562671299 0.37656786318921787 -2.7401451655398725 -6.08600010358762 2.2699678900899274 -5.843099034214468 2.057651701185695 1.7604826813250714 4.254957364847404
77 924 1.4181864562851878 0 118.0 0.05651504880722835 2.756274100701432 1.1215642868195512 3.9413644667767627 -1.4744512520274102 4.5332590940608 4.9964794350399435 1.3692024168522465 2.4641753682463126 -2.4560051268207275 -4.735849579650938 3.5518224165141934 -4.976156760167235 1.653528513607948 2.4540467956302976 5.26878339634218
78 936 1.431559051151585 0 169.0 0.07974965342239393 2.109470679044457 -1.1218895952903862 2.5828850215030448 -1.930040951198882 5.8521460060837285 3.847140115272757 -0.008837769597751344 1.9435875923870263 -1.568633571320594 -5.62156861203725 4.3977765012215535 -6.7625355290670095 1.1817662791958519 1.1869651453250936 4.995645541252723
79 948 1.4379037106491717 0 173.0 0.43723983775755193 1.2170407090874973 2.2974767776288827 2.8266910315177043 -0.8588661359177746 2.941378355016859 4.609982498963202 -0.6197331040137691 1.2570594165882785 -2.5851401181801177 -7.684353169902023 3.126899661093323 -8.071319986264905 2.23619214898805 -1.9331973957100925 5.5862811413493505
80 960 1.3505207292953685 0 134.0 0.2998663967684297 2.739160161406032 1.8553031637033417 3.9049627516999887 -1.3639085103451019 5.415217513841656 4.319596667307315 -0.6255745924399011 0.6788458281472027 -2.253891157152416 -7.9861490856210615 2.9255782665903203 -5.762691090044937 1.2544989094085577 -0.49015499853019884 4.4363034485535096
81 972 1.246730526763983 0 153.0 1.01276357598412 5.834599737397582 0.11713423975548987 2.566570241919478 -1.1281340490885723 5.107833375109605 4.248206998241995 -1.107471665184311 0.9600560531967999 -3.152871078588014 -7.924173291727287 2.998990143913365 -7.516403559639399 0.6336504362018867 -3.7680287175548113 3.6543769838964804
82 984 1.2309144898619453 0 179.0 0.9855171522408552 4.563488333615692 0.972030131801343 1.8269369081204565 -0.211245429723375 5.318978344161238 4.777971034802126 -1.873539178001101 2.9722886198021774 -3.3241072127032014 -8.45452944527054 3.966318167010078 -8.33598371565983 1.7980812357216602 -3.781055992464416 4.906533658603133
83 996 1.2142349018061516 0 162.0 -1.033062952431984 6.710751751022525 1.9419180174260957 1.4446365245500035 -0.5820974216310091 5.500410519469507 6.820778563300805 -1.5087437354616469 3.4813114818024626 -2.831028744325058 -8.453350206950342 5.033674152795705 -8.021240524541245 2.3094689535147297 -1.6446237247412574 5.095170283463033
84 1008 1.210136940690993 0 171.0 -1.2509567152151255 5.633665134517883 1.546139627951647 2.0143130337753936 0.8114067085672718 6.830560885972205 5.459911562853873 -0.18818939862730666 1.9734353269784228 -2.133501126459952 -7.250744658175049 4.299336640401561 -6.137729063599826 2.679712506413815 0.7781732514064266 5.134241363142496
85 1020 1.2065535689028777 0 160.0 -1.2570690721961126 5.781029266528971 -0.5081580388261098 2.253243132029553 0.7616320538354645 6.802563157046056 5.509836539191826 -0.17707265507882175 1.7629205418279104 -2.361898036892478 -9.43033725874737 5.932381415520604 -8.152445575884794 1.3088763656105966 -1.0292324061193419 7.172161287269109
86 1032 1.141070228958205 0 156.0 -2.3263425277840337 5.264804150275235 2.10312235669463 4.339581653743336 -0.07264095781582458 5.6683741767329305 6.976338184662655 0.318047191012781 2.8404518503555902 -1.4721698185911878 -7.774982960587211 4.493484696164904 -5.679632745652501 3.033500739947687 -1.0731493295032635 5.644657844126144
87 1044 1.0935048359867143 0 184.0 -1.4720599412536917 4.0828009627002055 1.1021118433469845 4.636283925161444 1.5543109895810212 7.292223373856595 6.243682147356739 0.13256181938233652 2.3381921915022823 -1.458863018719422 -8.705196123568237 4.68497842961574 -6.0094358133476815 4.464933311466248 3.19390170697456 5.468199845259037
88 1056 1.0718538848359715 0 157.0 -0.7599653170213558 5.1417581318686585 1.991991617950386 5.833470699182643 0.8687021099686834 5.684673776831606 6.744386388162184 0.6939037520372606 4.194555062262292 -0.050758795918893984 -9.787506644071476 5.7470275387891885 -7.23055667175548 1.2759469975381783 1.7676786343431279 5.090343567215822
89 1068 1.110102022689101 0 168.0 -2.802348431189146 4.160721292042594 2.5390440838003654 4.0076989836563 0.10914253465014034 4.421663059947888 7.586356149249544 -1.524827599453241 5.76656292314323 -0.31201035587221493 -10.428953235492123 5.6207156769584925 -7.179876485102223 4.430392485626585 3.451285368422702 4.361716043388389
90 1080 1.0639126185077277 0 187.0 -3.5868646824986428 3.3118381784353406 2.403379739189904 5.563299226008764 0.07797499557408383 4.614272027894483 7.301920834389416 -1.1549833002703238 4.6718121660639325 -1.2538474706716927 -8.71163479823728 5.432749499868096 -7.229260261298193 3.9877226026545696 3.862973981934732 5.720738995403332
91 1092 1.0688886291477921 0 175.0 -3.7518773507503327 3.4339225093747285 1.854912781074412 4.562534862416498 -0.6925921323150616 7.57820909241707 5.555370772891337 2.2632800675433393 4.348076365015333 -0.5634878729798275 -9.895176675706807 4.009450355751158 -6.675182673015297 4.7619781078689565 3.611954158949097 6.2647882857538955
92 1104 1.0199305760110038 0 167.0 -1.729124509905747 7.4034981133960684 2.0651991069184206 3.578235181226633 1.249513021230406 6.61171565878853 7.174228442159483 -0.3357367632406525 3.9255790946400677 -0.19615338873518606 -9.301102967764612 5.666850213490603 -7.523130125450437 2.2669024484918734 0.6170974515922056 4.509290135389852
93 1116 1.0337506975758741 0 182.0 -2.5022675044622185 7.937235342993227 2.6193877306705815 4.63197248741891 0.9936774594966631 5.351203563685049 8.579914808372656 -1.4771514190210873 5.564658232203332 0.19614432039722346 -10.000956370616171 5.2679107806171555 -6.477974921760714 3.5601077457031782 0.9810345795999904 3.905044967438117
94 1128 1.0143300538872284 0 181.0 -1.3823775309784003 7.0360442386499 2.810320018649962 5.510732462253058 0.6667341091205196 8.115488345162351 7.317358834492454 0.8383408271982089 4.559451082862992 -0.3452560190771074 -10.665209919315796 6.322561523028186 -7.443640764454584 3.566017025065026 2.6353736714820193 6.503534446317602
95 1140 1.0068105661219195 0 178.0 -3.4707132900855147 5.334933314487994 3.0949372122888796 4.8707871734222685 1.4953823729006541 6.471172109918581 7.959189767269326 -0.18363742732369953 4.855475029461366 -0.680709624380286 -9.971729907771104 6.5874147902213345 -5.2412353272630785 5.993726795762786 0.583636466001554 6.1496383442006755
96 1152 0.9493604924061383 0 167.0 -4.362900912946933 6.405078607570788 1.4083535830614993 3.7845851482542274 0.8532931557581069 6.627169277526413 7.4721576087673025 -2.0780663164569515 5.183634036932728 -0.034457673963706914 -8.2283612306617 5.471191795183721 -6.028173931162745 6.251940131855717 3.235780802543503 4.396462603005372
97 1164 0.9490241583471213 0 173.0 -3.736933911691922 5.317599144819372 1.229293702979978 3.331481857463432 1.0623522493190407 5.318095240455449 6.49587657410482 -1.5047399817423688 5.3033043904405766 -0.4734401579914566 -8.98230557113307 5.08991845501995 -6.278930094176894 6.701569182672503 0.6778009898874116 4.966660281226717
98 1176 0.9434582129403429 0 136.0 -4.492402519538465 4.8112983827607145 2.2073619611503057 4.689548343641679 0.283615967301715 5.114138836652781 7.616104288666655 -1.4287590523730653 6.005430651506057 -0.1707085936105518 -8.440201057916656 5.7433183165128945 -5.2442157366280355 7.149378737260375 3.013202596009773 5.15932517529339
99 1188 0.8867198661357368 0 177.0 -3.3417265552267947 4.570347282434421 2.9854350459759402 6.340740504460017 1.3875697770960589 4.3337068993886465 8.282669317544556 -0.9927373045982155 4.564376844117321 -0.20876933880389192 -9.446881704611473 5.57971091947041 -6.018772522380355 3.4979764196990724 2.9870667942881175 5.684796358001316
100 1200 0.8638120319301889 0 175.0 -2.8372049700396955 4.814738084423765 4.108307860832772 6.5527721176448654 1.0571700635583903 4.7634628102766365 8.031679554045345 0.8075636695866117 4.982196871223682 -0.20684079117205706 -10.091975219411076 5.732478886868728 -5.949303933704441 5.109009533027635 3.4628401178871746 6.044770683237944
