# s	 t	 y
2.6795974e+05 -1.2614913e+05 -1.1569953e+00
3.7307930e+05 -1.1610095e+05 -7.7473513e-01
1.8444943e+05 -8.4067703e+04 -7.1350236e-01
2.5746733e+05 -2.2732344e+05 -9.0780932e-01
2.0248854e+05 -1.9641918e+05 6.6671596e-01
4.4564853e+05 -1.2071374e+05 -1.3945115e+00
2.7035516e+05 -5.4545700e+04 -5.3733441e-01
2.9933500e+05 -7.5299952e+04 1.3898305e+00
1.8690735e+05 -1.2754601e+05 -6.2276395e-01
9.7771416e+05 -9.3335280e+05 -1.9807192e-01
1.3555187e+05 -7.3574613e+04 1.3352520e+00
4.2769287e+05 -7.6613252e+04 1.4015470e+00
1.6048025e+05 -1.4768228e+05 2.1363223e+00
3.4603369e+05 -3.4172382e+05 -1.5589326e-01
1.6427087e+05 -8.8307079e+04 7.4639767e-03
2.8926728e+05 -4.3108766e+04 5.1559444e-01
3.5593754e+05 -1.2706177e+05 -8.2721673e-02
1.4664462e+05 -8.2027856e+04 3.7675976e-01
1.6622314e+05 -1.1772429e+05 -1.0163207e-01
1.3129649e+05 -8.2294750e+04 1.7510497e+00
2.6147643e+05 -8.2780961e+04 -6.4047439e-01
1.8062223e+05 -1.2524610e+05 -7.6199026e-01
1.3306182e+05 -6.5090563e+04 8.1714249e-01
1.5861660e+05 -5.0696597e+04 -2.9517625e-01
4.9752504e+05 -1.9378663e+05 -1.6209547e-01
2.3024536e+05 -1.9550549e+05 1.3469700e+00
3.1401264e+05 -3.9089129e+04 1.1122362e+00
4.4716830e+05 -5.5797379e+04 1.1061163e-01
9.9065859e+05 -1.4474346e+05 -1.3139639e-01
1.5147524e+05 -4.4380113e+04 -3.3148476e-01
1.7368464e+05 -1.4363826e+05 -1.3759784e-01
3.2321744e+05 -4.1697634e+04 1.0640997e+00
2.8312785e+05 -1.5495520e+05 -8.8355347e-01
2.0463097e+05 -4.2635520e+04 -9.5041675e-01
3.2147509e+05 -2.7603809e+05 -2.7717928e-01
1.7103116e+05 -4.5207535e+04 -1.5770200e+00
2.1654730e+05 -1.1124504e+05 -4.4696363e-01
1.2321141e+05 -5.7233365e+04 3.4026034e-01
3.8705552e+05 -4.5825594e+04 1.0826145e+00
2.6496776e+05 -4.5605729e+04 -2.3467491e-01
2.1574165e+05 -1.9116164e+05 1.0472783e-01
4.9752504e+05 -6.2616768e+05 -1.7835978e+00
5.7155115e+05 -4.8346488e+05 5.2146777e-01
1.5127335e+05 -1.0080887e+05 -8.4748393e-01
1.9064552e+05 -8.4821950e+04 -1.3515428e+00
1.4883787e+05 -9.9465450e+04 -3.0107212e-01
3.6222415e+05 -3.3183582e+04 -1.2360480e+00
1.3257901e+05 -5.7812416e+04 -9.2646886e-01
1.5210536e+05 -4.8449793e+04 -9.5431734e-02
3.6007002e+05 -1.2901516e+05 9.0143671e-01
1.4394784e+05 -4.6144733e+04 5.9997287e-01
1.3606383e+05 -4.9146342e+04 4.7911505e-01
2.1857568e+05 -5.3870384e+04 -1.0471581e+00
1.9455965e+05 -1.2901516e+05 5.5794141e-01
2.4264636e+05 -8.7200882e+04 -2.1606245e-01
4.4397995e+05 -2.1152602e+05 -1.7388017e-01
1.8506596e+05 -4.4992016e+04 -1.4670698e+00
3.1979309e+05 -3.0476866e+05 1.2513660e+00
1.3555187e+05 -8.9434054e+04 -1.1874940e+00
3.5804564e+05 -3.5449307e+05 3.1056176e-01
1.5086053e+05 -1.3045914e+05 -1.6209547e-01
1.4451093e+05 -7.9355081e+04 -4.0567552e-02
1.2420285e+05 -6.9334099e+04 5.8143036e-01
3.5799265e+05 -5.3234131e+04 1.6604633e+00
2.6557329e+05 -7.4008622e+04 3.4026034e-01
1.4704621e+05 -9.7540096e+04 7.8656886e-01
4.5203173e+05 -4.4887433e+04 1.5891414e-01
1.2319694e+05 -6.7987533e+04 -5.0720739e-01
1.8508143e+05 -1.1563719e+05 5.0941184e-01
3.0619302e+05 -2.2512243e+05 -5.2522108e-01
2.3162444e+05 -2.3299600e+05 -1.6798774e-01
3.3289275e+05 -2.7015597e+05 1.4739971e+00
2.3209543e+05 -2.0189236e+05 7.2016133e-01
2.1735860e+05 -1.5183335e+05 -1.6085366e-02
1.3194306e+05 -8.4569432e+04 -7.0322424e-02
3.0770373e+05 -3.9345953e+05 3.6438770e-01
2.0537958e+05 -1.5249447e+05 -3.4948593e-01
3.3929659e+05 -2.1972820e+05 -6.2897802e-01
1.2593645e+05 -6.6316056e+04 -5.0130662e-01
3.1318506e+05 -9.5939978e+04 8.4740444e-01
2.0834863e+05 -1.5312806e+05 -9.2615786e-01
2.4416771e+05 -3.2428278e+05 7.8070085e-01
2.1179589e+05 -8.4835272e+04 -9.0190069e-01
4.6688411e+05 -4.2790341e+05 3.5820142e-01
1.6424612e+05 -1.4140827e+05 1.1486431e+00
7.2259406e+05 -1.3546578e+05 6.1171583e-01
1.5706570e+05 -9.2899223e+04 -7.4955674e-01
1.6570587e+05 -9.3819549e+04 -1.6395247e-02
2.6376440e+05 -1.1731534e+05 -1.5829387e+00
4.1512498e+05 -1.7807396e+05 1.2857161e-01
1.6001936e+05 -1.0111870e+05 1.9513354e-01
1.8719125e+05 -4.4287850e+04 -1.5343449e+00
3.2841647e+05 -4.8455634e+04 -1.5527305e-01
2.2452370e+05 -1.2337583e+05 -7.1350236e-01
2.7161537e+05 -1.5884111e+05 3.5232432e-01
2.1295535e+05 -1.3551885e+05 -1.1208979e+00
1.4433574e+05 -9.3204516e+04 5.0972097e-01
2.5471739e+05 -5.6086097e+04 -9.8711934e-01
1.6922096e+05 -1.0214414e+05 1.2630864e+00
1.7101782e+05 -1.4822603e+05 -5.0099606e-01
1.2550070e+05 -6.7613958e+04 5.1497618e-01
2.1897715e+05 -1.6558431e+05 -1.4348941e-01
7.6291153e+05 -1.4759194e+05 1.3774970e+00
7.1907253e+05 -7.9080635e+05 9.1934262e-01
5.7409906e+05 -2.9636670e+05 -1.0107603e+00
1.5466445e+05 -6.3020461e+04 -6.3457079e-01
2.4316008e+05 -2.0759301e+05 1.5824958e+00
2.2068274e+05 -2.1556970e+05 -4.2771342e-01
1.0053809e+06 -5.1153533e+05 -2.2226642e-01
1.2535857e+05 -8.0108993e+04 -1.0294254e+00
3.1812745e+05 -1.2339895e+05 1.1649525e-01
7.0380144e+05 -3.8369992e+05 3.6438770e-01
2.0463097e+05 -1.7203863e+05 -3.7369653e-01
2.7410458e+05 -5.9944406e+04 -6.2866731e-01
1.4008131e+05 -9.7213690e+04 -1.6926052e+00
4.4885935e+05 -3.9840603e+04 4.8529835e-01
3.6649461e+05 -8.2027856e+04 3.6438770e-01
3.5194404e+05 -3.3180235e+04 -1.5888576e+00
3.6017716e+05 -2.9636670e+05 -3.7990477e-01
1.7583804e+05 -9.2899223e+04 -1.7530573e+00
2.8792080e+05 -4.7997310e+04 -1.8013620e+00
4.0974305e+05 -7.4424430e+04 1.9547302e-02
2.6203754e+05 -2.3639166e+05 1.3111982e+00
3.4405537e+05 -3.2246847e+05 -8.7142620e-01
2.0214161e+05 -5.1942564e+04 2.0153199e+00
7.6750461e+05 -4.2819198e+05 -2.2847058e-01
3.3377380e+05 -3.5635867e+05 -1.2786932e+00
1.2419550e+05 -5.5233551e+04 -3.4358884e-01
1.3097136e+05 -4.9146342e+04 -1.9784149e+00
1.3641298e+05 -5.4951262e+04 -2.7097376e-01
2.2669436e+05 -1.1648244e+05 -6.4109583e-01
2.8585324e+05 -6.0890171e+04 1.0039200e+00
2.0175945e+05 -1.5306453e+05 -2.0985864e-01
1.5663424e+05 -7.5941104e+04 8.8908725e-01
1.7420800e+05 -1.1772429e+05 6.1758713e-01
1.5909329e+05 -8.1047610e+04 1.7129755e-01
1.5909329e+05 -7.1521903e+04 9.0761127e-01
7.0756213e+05 -5.4207209e+05 6.1171583e-01
2.0573696e+05 -1.1086876e+05 -8.2945064e-01
3.5092041e+05 -2.4121965e+05 1.2393367e+00
3.0615345e+05 -3.8341772e+04 7.4639767e-03
2.0647418e+05 -1.4245969e+05 -3.3769191e-01
1.3273681e+05 -7.5288774e+04 -5.9231699e-01
2.4673441e+05 -8.3557314e+04 -1.0172930e+00
1.5086053e+05 -9.0861731e+04 -1.1264990e+00
2.7722725e+05 -1.8280721e+05 5.8792037e-01
1.3744390e+05 -7.4205156e+04 -2.0427538e-01
1.7365717e+05 -7.4216098e+04 1.2627780e+00
1.5026094e+05 -5.7525578e+04 1.2751149e+00
1.4902340e+05 -1.0179483e+05 2.6786338e-01
3.9800096e+05 -7.9126133e+04 3.8445244e-02
1.2594399e+05 -5.6655457e+04 -1.6395247e-02
2.1255420e+05 -1.4360935e+05 -5.0720739e-01
2.7282277e+05 -1.6983432e+05 -1.6256184e+00
2.3256821e+05 -3.9004092e+04 -7.7411342e-01
2.7984715e+05 -2.1865073e+05 -5.5566072e-01
2.7921284e+05 -4.7010076e+04 2.7993113e-01
1.3421539e+05 -8.0329845e+04 -7.2593443e-01
1.2520183e+05 -6.3880562e+04 7.4639767e-03
8.5779799e+05 -5.9832130e+05 -7.6521948e-02
2.8381323e+05 -2.8518126e+05 6.6022772e-01
2.4623285e+05 -1.8610864e+05 1.9547302e-02
1.3128834e+05 -5.5941464e+04 4.3711537e-02
2.8515865e+05 -1.1482174e+05 -9.5121723e-02
3.7759302e+05 -2.0189236e+05 1.1912162e+00
2.8316205e+05 -4.6036185e+04 -7.3215065e-01
1.5533075e+05 -1.0388156e+05 1.1489516e+00
4.4877855e+05 -2.8669504e+05 9.7984534e-01
1.8327333e+05 -6.9921808e+04 3.5232432e-01
1.9896224e+05 -1.3653318e+05 4.1325372e-01
2.5861752e+05 -6.3705418e+04 -5.6777539e-01
1.5888368e+05 -4.3400408e+04 -3.0727846e-01
3.2497751e+05 -1.0564442e+05 1.3660655e-02
1.4450119e+05 -1.0564442e+05 -4.3103058e-03
2.1219437e+05 -1.7959127e+05 -1.0356473e+00
2.4066205e+05 -1.4944497e+05 -6.1095760e-01
6.6561413e+05 -6.3357242e+04 6.3056536e-01
1.6401133e+05 -1.2073613e+05 1.5334136e-01
1.8539119e+05 -4.3405376e+04 1.3774970e+00
2.4935193e+05 -1.2252471e+05 -1.1341324e-01
1.2419550e+05 -5.3884042e+04 -1.3758289e+00
2.1374166e+05 -1.9455284e+05 1.5883516e+00
4.8800335e+05 -4.3952332e+05 -5.8853841e-02
3.4499243e+05 -1.0934349e+05 1.0585450e+00
1.2335628e+05 -6.1054036e+04 3.7057381e-01
1.6001936e+05 -1.1854851e+05 -1.5620336e-01
2.1102287e+05 -1.4078851e+05 4.3401759e-02
1.6671799e+05 -1.0352347e+05 -2.2226642e-01
1.4062572e+05 -9.3804100e+04 1.1245779e+00
1.6025540e+05 -8.7772422e+04 1.1307486e+00
2.7729301e+05 -7.3997726e+04 -2.1637264e-01
3.2497751e+05 -8.6689793e+04 6.8182353e-02
1.0053809e+06 -1.1688712e+05 1.9374082e+00
5.7666825e+05 -4.9044213e+05 3.2231790e-01
1.5086053e+05 -1.1688712e+05 -8.2292160e-01
1.6973262e+05 -1.0494860e+05 -1.8325288e+00
1.8148303e+05 -5.1806924e+04 -8.7142620e-01
1.8297014e+05 -1.6080390e+05 1.1184071e+00
1.6975894e+05 -5.6662812e+04 1.9513354e-01
3.4888975e+05 -2.3299600e+05 3.4613774e-01
2.3301902e+05 -8.2282012e+04 7.4456389e-01
2.3073446e+05 -1.6420239e+05 1.0826145e+00
2.9352437e+05 -4.5102214e+04 -1.1324114e+00
1.8534466e+05 -1.5199037e+05 9.1502059e-01
1.5618246e+05 -6.9136525e+04 1.7507417e+00
1.7027364e+05 -9.2022151e+04 3.1613053e-01
8.7377100e+05 -8.2687290e+05 -9.5041675e-01
1.3097947e+05 -9.0567657e+04 -7.1971833e-01
1.5752227e+05 -7.3574613e+04 1.6909688e+00
1.6306620e+05 -9.9786134e+04 -2.4718479e+00
1.9520669e+05 -1.5813913e+05 1.5942072e+00
3.5092041e+05 -1.5817246e+05 2.6053372e-02
1.9589214e+05 -7.8898157e+04 -5.7429890e-01
2.5307141e+05 -7.3563811e+04 -2.2816037e-01
1.3973276e+05 -7.6418687e+04 -9.1993790e-01
2.6737475e+05 -1.7883025e+05 1.1727068e+00
1.2491170e+05 -7.0699911e+04 -7.1350236e-01
1.5025046e+05 -6.9711786e+04 1.3056472e+00
6.9675800e+05 -3.4802226e+05 7.4456389e-01
2.1615410e+05 -1.4645463e+05 -7.8654791e-01
1.2832975e+05 -4.9614895e+04 5.5145070e-01
1.2179414e+05 -6.8568224e+04 2.7343319e-01
2.9206826e+05 -1.6983432e+05 -8.6551821e-01
1.2110386e+05 -6.3192839e+04 1.4074051e+00
2.4723787e+05 -2.5647110e+05 5.9379217e-01
2.2363985e+05 -1.5249447e+05 3.7057381e-01
2.0721635e+05 -1.6357030e+05 -6.1623933e-01
2.4165040e+05 -9.1142405e+04 1.3472784e+00
1.6796077e+05 -6.4570443e+04 -1.0477803e+00
1.9356293e+05 -1.4880320e+05 -1.2606385e+00
2.5144518e+05 -4.2820000e+04 -6.9547678e-01
1.5400346e+05 -1.1944736e+05 1.7507417e+00
2.8312785e+05 -2.4233999e+05 -1.0782701e+00
1.7585209e+05 -5.1314015e+04 -9.2646886e-01
6.1663017e+05 -1.1442753e+05 -1.2581524e-01
3.9800096e+05 -6.1707690e+04 1.5464352e+00
2.3394950e+05 -6.9921808e+04 8.4740444e-01
5.1512679e+05 -5.1153533e+05 5.9997287e-01
3.0615345e+05 -5.4965326e+04 -2.1000176e+00
1.3145962e+05 -5.7091796e+04 -4.7087315e-01
2.4015812e+05 -2.6452754e+05 -4.2274586e-01
2.0647418e+05 -1.2028942e+05 1.3538359e-01
1.4842710e+05 -6.7243396e+04 -1.0752257e-01
1.7394595e+05 -1.8359331e+05 1.1061163e-01
2.9786232e+05 -2.7311095e+05 2.5743564e-02
2.4116795e+05 -2.0759301e+05 -8.6520726e-01
1.6259137e+05 -1.3146889e+05 8.2300982e-01
2.2276247e+05 -9.4409379e+04 -2.2955733e+00
3.9800096e+05 -8.2550125e+04 -8.3031665e-02
2.1775590e+05 -1.7728294e+05 3.8232699e-01
1.5932679e+05 -1.3243884e+05 -8.6458538e-01
1.5316288e+05 -1.0568123e+05 1.2208296e+00
6.4339938e+05 -6.0881995e+04 -2.0694584e+00
4.6688411e+05 -3.6522070e+05 -1.2550518e-01
1.2262792e+05 -5.6648104e+04 -2.5297872e-01
1.4606593e+05 -4.6571691e+04 1.8832019e+00
1.7837322e+05 -1.2159163e+05 7.5074145e-01
2.6376440e+05 -7.5941104e+04 4.7942422e-01
1.7834436e+05 -5.6231281e+04 8.0261712e-02
3.2321744e+05 -3.5881498e+04 2.0132426e-01
2.3024536e+05 -9.3788655e+04 1.6126982e+00
2.2193488e+05 -6.8568224e+04 -6.2338535e-01
2.1613345e+05 -4.3790446e+04 1.9189294e+00
2.3873268e+05 -4.6998903e+04 -1.1573065e+00
5.2773872e+05 -4.7330162e+04 1.1008198e+00
3.8113503e+05 -4.5744521e+05 9.9805584e-01
3.9549779e+05 -4.2503342e+05 9.7367208e-01
2.5251795e+05 -4.4385247e+04 8.1096623e-01
4.2769287e+05 -2.2630367e+05 -3.0758878e-01
1.2448253e+05 -7.4644659e+04 9.6194258e-01
2.3071112e+05 -7.9162218e+04 1.7267102e+00
4.7899864e+05 -3.1517465e+05 8.0261712e-02
4.8082979e+05 -4.3499929e+04 2.8581005e-01
1.4228288e+05 -8.4595961e+04 8.7179724e-01
5.7142431e+05 -9.6260104e+04 1.8231371e+00
2.1733772e+05 -1.0249523e+05 -3.4327848e-01
3.9296079e+05 -3.3311103e+04 5.4557801e-01
1.6329847e+05 -6.7814737e+04 -3.3148476e-01
1.7080458e+05 -4.8678392e+04 -4.3454397e-01
1.5999579e+05 -6.0265297e+04 -1.1330337e+00
2.7791920e+05 -2.3411986e+05 1.9854499e+00
1.8417324e+05 -9.8795265e+04 -2.0427538e-01
1.5168829e+05 -1.0148195e+05 5.4001430e-01
2.5746733e+05 -2.3998375e+05 3.9438887e-01
1.4162317e+05 -5.3986645e+04 2.0002311e+00
2.6857811e+05 -2.7311095e+05 -1.4348941e-01
2.1944373e+05 -6.1866434e+04 -1.4969124e-01
2.1175612e+05 -5.4151408e+04 -7.1350236e-01
1.4942688e+05 -4.6787354e+04 -3.9821998e-01
3.6336472e+05 -4.7043884e+05 3.7825671e-02
2.8930287e+05 -2.5391037e+05 -7.5577344e-01
1.6522911e+05 -1.1399414e+05 -6.5880738e-01
2.6612048e+05 -2.7611375e+05 6.6609804e-01
4.4413836e+05 -4.6781806e+04 1.0218207e+00
1.7805620e+05 -1.3707154e+05 -5.3143298e-01
1.6427087e+05 -9.8148215e+04 -1.6193875e+00
1.4823273e+05 -6.6520497e+04 -1.3639971e+00
8.9088896e+05 -3.2437869e+05 -1.4975915e+00
4.1638574e+05 -2.2852175e+05 5.3939610e-01
2.1494157e+05 -1.6558431e+05 1.1298230e+00
2.9707493e+05 -3.3585345e+04 -6.8957208e-01
6.9328541e+05 -4.1951783e+05 -3.4358884e-01
1.4453042e+05 -1.0493039e+05 7.2047024e-01
4.7555508e+05 -2.2179702e+05 4.6087346e-01
1.7474820e+05 -1.2567266e+05 7.7483274e-01
1.7420800e+05 -4.7211864e+04 -6.6533296e-01
1.2818937e+05 -7.0689724e+04 -4.7076025e-02
1.6796077e+05 -4.9967581e+04 -1.1940298e+00
1.3573368e+05 -7.8910132e+04 -1.7103661e+00
2.2408096e+05 -6.9711786e+04 -1.6433768e+00
2.7343023e+05 -1.6076976e+05 -1.4004278e+00
1.3290330e+05 -7.7760928e+04 -2.2226642e-01
3.7199502e+05 -4.1246955e+04 1.6841900e+00
3.4603369e+05 -7.2126674e+04 -2.4087942e-01
2.4316008e+05 -1.5123881e+05 -1.4348941e-01
2.4721132e+05 -6.2686308e+04 7.4487277e-01
1.5023999e+05 -6.2194166e+04 7.5661001e-01
3.6866526e+05 -2.6459860e+05 -4.5907337e-01
2.0796351e+05 -9.1424356e+04 -5.1341887e-01
2.2716946e+05 -7.1708789e+04 -1.4348941e-01
1.9064552e+05 -1.1605868e+05 1.8337066e-01
2.2626610e+05 -8.8860805e+04 7.7738157e-03
2.7598329e+05 -2.1147491e+05 -5.8853841e-02
2.3678299e+05 -1.7736180e+05 1.2299800e-01
3.8822327e+05 -1.7887018e+05 2.6167454e-01
1.5751082e+05 -9.2610556e+04 -2.0083453e+00
5.4989050e+05 -5.4282372e+04 -1.0782701e+00
1.6745903e+05 -4.8338996e+04 6.2297259e-02
4.9547644e+05 -6.3863016e+04 1.0462011e+00
2.8251365e+05 -2.2619078e+05 1.1122362e+00
4.6679715e+05 -1.9729302e+05 -8.0457879e-01
1.8475722e+05 -5.5941464e+04 1.3956888e+00
1.6524163e+05 -1.2948559e+05 8.3505296e-01
3.2751672e+05 -3.7315198e+04 -1.3456272e+00
1.5933848e+05 -1.1086876e+05 -9.7498840e-01
1.5148588e+05 -7.2941256e+04 -2.8480999e-02
1.5339555e+06 -9.8811939e+04 -1.0110714e+00
1.9520669e+05 -1.5622389e+05 -3.7990477e-01
2.0537958e+05 -1.5747482e+05 1.7026775e+00
1.3605512e+05 -1.1045504e+05 -1.1383238e+00
5.5000857e+05 -5.5033402e+05 -1.8566555e-01
3.1736415e+05 -1.5951393e+05 -1.3272582e+00
5.4093949e+05 -5.0082532e+05 -1.0655139e+00
2.0283658e+05 -1.3807576e+05 1.1066823e+00
1.2682410e+05 -7.0516879e+04 9.4403889e-01
3.2756160e+05 -3.0803218e+05 -1.3696016e+00
3.0228284e+05 -1.9120569e+05 6.1233387e-01
1.5910495e+05 -1.2432917e+05 1.3596128e+00
1.2520928e+05 -4.8560963e+04 1.2211380e+00
4.4255900e+05 -4.4543164e+05 4.0088349e-01
1.7259236e+05 -5.5661004e+04 -9.9302944e-01
1.4451093e+05 -4.3489961e+04 3.6438770e-01
2.2579451e+05 -4.9253890e+04 -1.8805295e+00
2.1255420e+05 -1.7728294e+05 -4.0411839e-01
1.4763218e+05 -5.5797379e+04 -3.2589847e-01
4.3209141e+05 -3.1334356e+05 1.4095686e-01
1.6771598e+05 -4.7556703e+04 5.6102224e-02
2.0757973e+05 -5.8261958e+04 -1.1999432e+00
1.3488911e+05 -4.9967581e+04 -6.4433065e-02
2.1775590e+05 -1.0859242e+05 3.2788639e-01
3.3284650e+05 -1.0747053e+05 2.7374262e-01
1.3588119e+05 -1.0182968e+05 -5.9231699e-01
1.6427087e+05 -7.2116183e+04 7.0842270e-01
1.6621049e+05 -1.4360935e+05 -8.1670358e-01
1.8208116e+05 -1.2667632e+05 1.3970483e-02
2.9718718e+05 -1.2337583e+05 -8.2292160e-01
1.2404879e+05 -7.0710099e+04 9.1965134e-01
5.1732993e+05 -4.5825594e+04 5.4526892e-01
2.9352437e+05 -4.7010076e+04 1.9513354e-01
3.3109781e+05 -7.1906839e+04 3.5789211e-01
2.2934215e+05 -5.9012296e+04 -3.3117441e-01
1.4301522e+05 -4.2074804e+04 -2.1854674e+00
3.0766380e+05 -5.2688093e+04 -1.2058567e+00
2.8655100e+05 -7.5941104e+04 -9.5663726e-01
3.3743682e+05 -2.4987775e+05 -1.7103661e+00
1.2593645e+05 -5.6224008e+04 4.4263059e-01
1.8120020e+05 -4.6150171e+04 5.4588710e-01
1.9002638e+05 -1.3344531e+05 2.7374262e-01
2.6147643e+05 -2.4754193e+05 -1.0776479e+00
2.4935193e+05 -2.4485721e+05 2.1927635e-01
2.6673095e+05 -2.0949552e+05 5.7586737e-01
1.7530551e+05 -1.2847360e+05 1.6510593e-01
2.0986338e+05 -2.1255215e+05 1.2748065e+00
3.4214673e+05 -1.8116839e+05 3.1629819e-02
6.4657894e+05 -3.0293899e+05 3.4613774e-01
2.0355449e+05 -5.9020105e+04 -4.0411839e-01
1.6306620e+05 -1.0973163e+05 -9.5431734e-02
3.9057862e+05 -3.8865976e+05 -4.2895533e-01
1.3438536e+05 -7.8445095e+04 -6.9547678e-01
1.5317374e+05 -5.4289277e+04 -5.7989060e-01
2.6670036e+05 -2.1763433e+05 2.4960582e-01
1.6282237e+05 -7.6843087e+04 -7.3805618e-01
1.9692878e+05 -1.6774399e+05 -4.1653655e-01
2.1259425e+05 -1.4360935e+05 6.6609804e-01
1.8031243e+05 -5.0212966e+04 -5.6777539e-01
5.4753911e+05 -4.9380834e+05 -4.2243539e-01
2.1414700e+05 -5.1684652e+04 -7.0632396e-02
2.1414700e+05 -8.3792310e+04 4.4324901e-01
2.9422078e+05 -9.4098264e+04 -6.4699956e-01
1.3081745e+05 -5.8261958e+04 -1.1818920e+00
1.5531960e+05 -9.9146281e+04 -5.7398825e-01
2.0613331e+05 -1.7271951e+05 -8.8324251e-01
1.3572501e+05 -5.5240636e+04 -1.1140522e+00
1.8238160e+05 -7.4008622e+04 1.1063738e+00
2.3537039e+05 -5.8108996e+04 -5.1341887e-01
1.7976902e+05 -1.5948019e+05 -7.1350236e-01
2.1940123e+05 -1.5243133e+05 -3.0107212e-01
1.4782508e+05 -7.1098885e+04 1.2874514e+00
1.8357747e+05 -6.0426691e+04 1.1548134e+00
1.7531949e+05 -9.5939978e+04 1.2991708e+00
1.9860885e+05 -8.3025653e+04 -2.2525265e+00
6.4946572e+05 -1.0638421e+05 -9.3206692e-01
1.6869917e+05 -8.0799042e+04 -1.2179952e+00
7.5430331e+05 -4.0985460e+04 2.1927635e-01
5.6156727e+05 -3.5306439e+04 -7.2593443e-01
2.2447935e+05 -2.2300789e+05 -1.1937186e+00
1.5316288e+05 -1.0494860e+05 8.4740444e-01
3.4410457e+05 -1.2522246e+05 -4.4106422e-01
2.7595069e+05 -6.8568224e+04 7.3282619e-01
3.5395621e+05 -2.7460631e+05 -1.1999432e+00
2.9214074e+05 -8.8025085e+04 -1.0291143e+00
1.8475722e+05 -9.3788655e+04 2.0101473e-01
5.7899893e+05 -3.4611491e+05 6.0553538e-01
8.4736082e+05 -1.0046625e+05 5.0941184e-01
1.9227638e+05 -1.1088852e+05 1.6510593e-01
2.5365498e+05 -1.0782995e+05 -2.4087942e-01
2.5974823e+05 -8.2537328e+04 -1.2665528e+00
4.1227968e+05 -4.1424440e+05 7.7514159e-01
2.6792890e+05 -6.5799813e+04 4.4881476e-01
2.1654730e+05 -6.2185731e+04 2.5025598e+00
4.2200463e+05 -7.2941256e+04 6.5404831e-01
1.6427087e+05 -1.4705160e+05 2.2025084e+00
2.6376440e+05 -1.2662826e+05 -6.2897802e-01
1.4842710e+05 -6.0580606e+04 -4.9540598e-01
2.1611279e+05 -1.8198509e+05 2.3165623e-01
1.6598306e+05 -5.3754490e+04 -9.1931592e-01
2.1533066e+05 -1.8280721e+05 -1.4181772e+00
3.7199502e+05 -5.5525118e+04 -4.0970649e-01
1.6163739e+05 -1.2339895e+05 -5.3174358e-01
1.8091819e+05 -1.4087278e+05 6.3643628e-01
1.9792310e+05 -1.4825633e+05 -3.0696814e-01
2.1295535e+05 -1.2803298e+05 1.3229169e+00
1.4821230e+05 -4.9385808e+04 -2.1016883e-01
2.9933500e+05 -2.0371832e+05 9.7336341e-01
1.6282237e+05 -1.2805740e+05 6.3612729e-01
5.4312279e+05 -4.5621764e+04 -5.2654898e-02
1.3708981e+05 -4.9379801e+04 9.4342151e-01
1.8876719e+05 -5.1060678e+04 -6.7092642e-01
6.6578277e+05 -2.0184464e+05 4.1882013e-01
2.2447935e+05 -4.1339290e+04 -1.5580182e+00
4.8434521e+05 -5.3439125e+05 1.3970483e-02
1.7052545e+05 -1.2071374e+05 4.0675943e-01
1.4283386e+05 -9.4409379e+04 1.5646200e+00
2.6088820e+05 -4.3108766e+04 3.8445244e-02
1.5379524e+05 -6.4910517e+04 5.8173941e-01
1.3130464e+05 -5.2182823e+04 1.0644083e+00
8.6324395e+05 -3.8840954e+05 6.2297259e-02
2.9138132e+05 -3.3378369e+05 2.9199823e-01
1.9860885e+05 -1.1731534e+05 -1.2970600e+00
2.9348780e+05 -2.3411986e+05 6.8463513e-01
3.9929614e+05 -8.5088960e+04 -8.9537021e-01
2.5089833e+05 -2.7162755e+05 9.6811605e-01
1.7807058e+05 -1.7497933e+05 -5.6156268e-01
1.4062572e+05 -6.9921808e+04 -4.6466267e-01
1.3830968e+05 -9.4082747e+04 -3.8021519e-01
1.4192404e+05 -5.7233365e+04 9.4403889e-01
1.6499170e+05 -1.3098783e+05 -9.9240732e-01
4.1104199e+05 -1.5877406e+05 -3.6159093e-01
1.8209616e+05 -9.6872690e+04 1.5643118e+00
1.9691141e+05 -1.5366966e+05 2.6755394e-01
4.5342769e+05 -6.8364155e+04 6.6640700e-01
2.1613345e+05 -4.3113685e+04 -8.3341657e-02
1.2848606e+05 -6.7442557e+04 -7.6230110e-01
2.0685416e+05 -1.5820579e+05 -2.2592968e-02
1.3848045e+05 -5.9792863e+04 3.1939616e-02
1.3289496e+05 -4.8112736e+04 -1.0235147e+00
1.8876719e+05 -6.3880562e+04 5.6411980e-02
1.9389973e+05 -5.4965326e+04 -6.4668883e-01
2.5418515e+05 -2.2406149e+05 9.8534168e-02
7.3843786e+05 -4.9736096e+04 -3.4358884e-01
2.0796351e+05 -8.8039153e+04 1.8863308e-01
2.3344761e+05 -3.9932733e+04 -4.7118368e-01
2.2152324e+05 -1.8043797e+05 4.9148151e-01
2.0355449e+05 -1.8687313e+05 9.7367208e-01
1.9689406e+05 -1.8687313e+05 6.9019603e-01
1.5863979e+05 -8.5599699e+04 -3.4358884e-01
1.6282237e+05 -5.5106258e+04 -1.3633743e+00
1.8266789e+05 -1.0146461e+05 -4.7708378e-01
2.6376440e+05 -5.1180783e+04 4.1882013e-01
1.9227638e+05 -4.0717352e+04 4.7942422e-01
1.4903372e+05 -9.4393787e+04 -6.5911812e-01
1.3470940e+05 -4.7116417e+04 -5.6187331e-01
5.0326605e+05 -9.5004683e+04 9.6811605e-01
1.4301522e+05 -5.9184453e+04 1.0410847e-01
1.3778186e+05 -5.7382945e+04 -1.0294254e+00
3.6544574e+05 -1.3549231e+05 1.2084909e+00
1.8477263e+05 -7.6636190e+04 6.8182353e-02
1.3675501e+05 -7.5737770e+04 -1.6196991e+00
1.2773124e+05 -7.9138159e+04 2.5204043e+00
2.3120207e+05 -5.7225902e+04 7.4639767e-03
1.2832975e+05 -6.1858064e+04 -2.8897024e-01
2.4573320e+05 -1.2161426e+05 1.7656027e-01
2.0721635e+05 -2.8518126e+05 -7.0138159e-01
6.7570214e+05 -2.1152602e+05 6.7227720e-01
3.3559598e+05 -1.4883367e+05 -1.9186864e-01
1.7473431e+05 -1.5127002e+05 -1.1691323e+00
2.5309914e+05 -2.4619418e+05 -1.4128834e+00
1.5772853e+05 -6.8373852e+04 3.0375531e-01
3.0379667e+05 -7.8671146e+04 -1.5527227e+00
4.0703333e+05 -5.6362420e+04 -6.4078511e-01
1.2879190e+05 -6.9731748e+04 8.0571632e-01
2.0035173e+05 -9.7213690e+04 -6.8304596e-01
6.2238083e+05 -9.5637307e+04 -1.4602182e+00
1.7950575e+05 -4.5096958e+04 1.4714921e-01
1.7640186e+05 -1.1896380e+05 7.7738157e-03
1.6186587e+05 -6.9532505e+04 -2.3405447e-01
2.9352437e+05 -2.0954593e+05 1.0523731e+00
2.5578812e+05 -1.9468851e+05 5.6102224e-02
1.6163739e+05 -7.4194218e+04 -1.7103661e+00
1.5066017e+05 -9.5621416e+04 -1.0101202e-01
1.4801845e+05 -5.7518058e+04 -5.2584226e-01
2.3920607e+05 -2.0280232e+05 -1.1930409e-01
2.4119330e+05 -1.9284626e+05 -2.7717928e-01
1.7051218e+05 -1.4076043e+05 -1.8008292e-01
3.5799265e+05 -3.4390905e+05 -1.5558315e-01
1.4625503e+05 -1.0494860e+05 5.2734097e-01
3.1405412e+05 -2.1556970e+05 -1.0779590e+00
1.8477263e+05 -4.7551020e+04 1.3842805e+00
4.7890742e+05 -8.4976555e+05 9.9805584e-01
1.2987709e+05 -8.8590405e+04 -2.0458556e-01
5.1325228e+05 -4.5728614e+05 -7.3152902e-01
1.6499170e+05 -6.8189949e+04 -4.9300265e-03
1.7315055e+05 -1.4530076e+05 1.0823059e+00
4.8980426e+05 -5.5668169e+04 4.2500488e-01
3.7870799e+05 -4.1410695e+05 4.1263523e-01
2.2801108e+05 -1.2161426e+05 9.8534168e-02
1.6922096e+05 -7.3359012e+04 -6.2276395e-01
1.6210703e+05 -1.2069135e+05 -9.4419636e-01
1.6399899e+05 -6.5965101e+04 -4.4665313e-01
1.3257071e+05 -1.0782995e+05 -8.2913973e-01
5.1533586e+05 -7.9840274e+04 1.1061163e-01
2.8450171e+05 -3.1526662e+05 1.3774970e+00
2.0575580e+05 -2.2300789e+05 -1.4969124e-01
2.9138132e+05 -2.2624722e+05 -1.1264990e+00
1.2928317e+06 -2.3881825e+05 1.6361192e+00
2.3583140e+05 -3.1343475e+05 7.3313509e-01
1.3258730e+05 -6.4561529e+04 -3.2589847e-01
1.4985326e+05 -1.2430579e+05 -7.9245447e-01
5.0517369e+05 -9.5939978e+04 -7.1381316e-01
2.9640311e+05 -2.6177785e+05 5.1559444e-01
4.0703333e+05 -1.5123881e+05 3.5820142e-01
1.5729367e+05 -1.1857031e+05 -1.1146746e+00
6.0274869e+05 -1.3653318e+05 1.2815916e+00
2.9786232e+05 -2.2081349e+05 1.9189294e+00
2.7539767e+05 -4.0622547e+04 -1.6798774e-01
2.6734403e+05 -6.1866434e+04 -1.6395247e-02
2.1859677e+05 -1.1240539e+05 -9.9893963e-01
1.8971821e+05 -1.4251685e+05 -1.9186864e-01
1.3919478e+05 -6.4731203e+04 5.1559444e-01
5.4082503e+05 -2.4246494e+05 -2.2257663e-01
2.1139881e+05 -9.2022151e+04 7.2664828e-01
6.3728247e+05 -5.7985504e+05 -1.1372328e-01
6.7936194e+05 -6.3150481e+05 -3.8021519e-01
4.6002178e+05 -6.2034184e+04 -8.3535799e-01
1.6570587e+05 -8.2307491e+04 1.0946486e+00
1.6024359e+05 -8.3051472e+04 1.1069909e+00
2.6734403e+05 -6.2354757e+04 -5.7429890e-01
4.8258152e+05 -1.2161426e+05 -6.2245325e-01
6.2521884e+05 -4.2233309e+05 3.1629819e-02
2.3873268e+05 -6.9901766e+04 -1.1205867e+00
1.6622314e+05 -1.0422343e+05 -9.1402905e-01
4.4255900e+05 -9.7181137e+04 7.6309619e-01
2.6734403e+05 -2.7325995e+05 -7.0790810e-01
1.4872601e+06 -1.4346293e+06 -2.1637264e-01
1.6402368e+05 -1.3048424e+05 -4.4044323e-01
1.8596680e+05 -1.2852269e+05 1.0156481e+00
1.3322907e+05 -8.3557314e+04 1.9857120e-02
1.5086053e+05 -4.7443233e+04 -7.4458347e-01
2.8319625e+05 -3.3776891e+04 7.0224429e-01
2.4723787e+05 -1.0859242e+05 3.0375531e-01
2.5038088e+05 -2.3537134e+05 -1.0720475e+00
2.6376440e+05 -3.9419082e+04 9.1996005e-01
5.4765623e+05 -3.3579352e+05 1.1668452e+00
1.5575552e+05 -6.7262326e+04 7.4067265e-02
2.2755543e+05 -1.5064770e+05 9.6780738e-01
1.5316288e+05 -1.4140827e+05 1.6425905e+00
3.6331026e+05 -3.5868325e+05 -4.2212492e-01
1.2910699e+05 -5.1936093e+04 1.5942072e+00
1.5686105e+05 -1.0640281e+05 2.0101473e-01
5.9719298e+05 -5.7093507e+05 5.6968613e-01
1.4862195e+05 -1.0605037e+05 9.0730254e-01
2.9352437e+05 -7.2116183e+04 -7.3743454e-01
2.6033166e+05 -1.9289089e+05 -3.3769191e-01
2.7404022e+05 -9.6549563e+04 5.6937707e-01
2.1062848e+05 -9.7851678e+04 -1.5558315e-01
1.6324346e+06 -5.2833779e+04 1.2268835e-01
2.9861585e+05 -1.7061411e+05 -8.0488968e-01
1.5005161e+05 -9.1409485e+04 4.9148151e-01
4.3059095e+05 -1.0214414e+05 9.7984534e-01
2.4989250e+05 -2.1657193e+05 1.4921848e+00
1.5107197e+05 -5.3754490e+04 8.0509868e-01
2.2842262e+05 -4.7997310e+04 9.3199968e-01
4.1097344e+05 -3.6751569e+05 -1.9869226e-01
4.3352591e+05 -1.3758587e+05 -3.3738154e-01
4.2056880e+05 -1.2708592e+05 -1.0054721e+00
1.6024359e+05 -9.4098264e+04 -2.1065662e+00
3.8933565e+05 -3.3579352e+05 1.6361192e+00
1.6796077e+05 -7.9126133e+04 -2.8897024e-01
1.5338039e+05 -1.0422343e+05 9.2340309e-02
2.2403678e+05 -4.4083828e+04 -1.9724914e+00
5.1325228e+05 -3.3398387e+05 -5.0161719e-01
5.2993361e+05 -7.1352212e+05 -5.3764501e-01
2.6030243e+05 -9.9819979e+04 -1.2058567e+00
2.4213466e+05 -4.6352015e+04 -3.4389921e-01
1.9033548e+05 -4.8338996e+04 1.4493346e+00
2.2320035e+05 -1.6494438e+05 -7.1350236e-01
1.2476340e+05 -5.3890874e+04 -2.6507867e-01
1.6497922e+05 -9.6565682e+04 2.6786338e-01
2.9499410e+05 -2.0764275e+05 7.8070085e-01
2.3680748e+05 -2.2846447e+05 1.4619743e+00
2.3071112e+05 -8.0329845e+04 1.2513660e+00
5.6651816e+05 -4.1993835e+05 -1.5642482e+00
1.9757315e+05 -4.0631562e+04 -1.6804534e+00
4.9557364e+05 -3.1517465e+05 -1.0113825e+00
1.4470606e+05 -9.3204516e+04 1.8306110e-01
2.1984818e+05 -5.2953418e+04 -5.9262765e-01
2.6851616e+05 -7.9355081e+04 -1.5461814e+00
2.3349533e+05 -7.4644659e+04 -4.8919492e-01
3.2409525e+05 -2.2185185e+05 -8.0457879e-01
5.9719298e+05 -4.3113685e+04 3.8851264e-01
1.1817292e+05 -6.0890171e+04 -9.3237792e-01
2.1023547e+05 -5.1428620e+04 1.0289190e+00
5.7397116e+05 -3.7205240e+05 3.2819575e-01
1.4491147e+05 -1.0601337e+05 -2.4677387e-01
6.2551898e+05 -8.1787477e+04 3.8882192e-01
2.2710147e+05 -2.1250067e+05 -1.0963163e+00
2.3397345e+05 -1.2572019e+05 8.8970473e-01
1.9896224e+05 -7.6395845e+04 4.8498919e-01
4.3489313e+05 -8.2780961e+04 -9.5072778e-01
1.7808497e+05 -6.1532933e+04 3.8851264e-01
1.7921408e+05 -4.2829742e+04 7.3838621e-01
2.8855714e+05 -2.7755713e+05 1.2510575e+00
1.5444353e+05 -7.6167975e+04 7.8656886e-01
1.7156652e+05 -3.9928339e+04 9.0792000e-01
2.0873508e+05 -1.6145465e+05 1.2748065e+00
1.0893511e+06 -3.0459371e+05 -9.3237792e-01
1.9066187e+05 -6.0418606e+04 -1.0132205e-01
4.6027572e+05 -1.6843654e+05 -1.1205867e+00
1.9999373e+05 -8.1072529e+04 -3.3707118e-01
2.8051776e+05 -3.8923559e+04 -1.4066556e+00
1.3439387e+05 -7.3997726e+04 -1.1025394e+00
3.7532349e+05 -5.6698686e+05 3.2231790e-01
1.4643460e+05 -5.7676284e+04 -6.1064691e-01
1.5664557e+05 -1.3396582e+05 6.4230708e-01
1.7207801e+05 -1.5002915e+05 1.4683959e-01
6.0274869e+05 -6.6511184e+04 2.9137942e-01
1.5554286e+05 -1.2206823e+05 -7.3805618e-01
2.4167584e+05 -1.2073613e+05 -4.6497319e-01
3.9800096e+05 -4.8676073e+05 8.0571429e-02
2.4114261e+05 -7.9852459e+04 -1.1392574e+00
2.9210449e+05 -3.0812110e+05 5.0526517e-02
3.4307410e+05 -6.4206454e+04 -1.5580182e+00
1.7237545e+05 -1.2569642e+05 -1.6013185e+00
1.6140951e+05 -5.0330146e+04 7.5691888e-01
2.8930287e+05 -1.7501801e+05 1.1061163e-01
2.3347147e+05 -1.1563719e+05 1.0819973e+00
1.9623655e+05 -1.1164316e+05 5.2146777e-01
2.3068779e+05 -9.5336040e+04 -4.0877474e-02
3.2488908e+05 -1.3922886e+05 -3.6159093e-01
2.9425752e+05 -8.3818480e+04 -5.4354658e-01
2.2234796e+05 -3.6252224e+04 -4.8888437e-01
1.7558541e+05 -1.3295358e+05 -3.4389921e-01
2.4623285e+05 -2.6884156e+05 -1.7717553e+00
1.0653303e+06 -4.7663277e+05 3.2850510e-01
1.2697701e+05 -5.2960076e+04 -7.0942368e-02
2.7663670e+05 -2.3065578e+05 1.7331803e+00
2.5040806e+05 -9.9803054e+04 1.3297013e+00
6.0274869e+05 -1.8039752e+05 -4.5876286e-01
1.8782503e+05 -8.5911025e+04 -7.5639511e-01
1.9792310e+05 -7.0122696e+04 -9.9925070e-01
2.5977734e+05 -1.4592041e+05 5.2734097e-01
3.1015813e+05 -2.8203258e+05 1.2091079e+00
1.9757315e+05 -4.9614895e+04 -9.5072778e-01
1.6549227e+05 -5.3355107e+04 -1.4063442e+00
2.5858865e+05 -1.5754107e+05 7.0255322e-01
5.4765623e+05 -4.4992016e+04 -1.1632193e+00
1.4509779e+05 -4.5096958e+04 2.1597192e+00
1.9098930e+05 -4.7991549e+04 -1.9363282e+00
4.9732925e+05 -8.3805393e+04 1.1606751e+00
1.6497922e+05 -1.1240539e+05 7.4456389e-01
1.5402541e+05 -1.0388156e+05 -5.8543889e-02
1.5251379e+05 -5.4020910e+04 1.3836638e+00
1.4301522e+05 -6.7442557e+04 -2.6414788e-01
2.2890451e+05 -5.0330146e+04 8.8970473e-01
3.0465688e+05 -4.4282732e+04 -7.6230110e-01
2.8051776e+05 -1.1731534e+05 1.5757154e+00
6.1648402e+05 -6.3176062e+05 -4.2212492e-01
1.3588988e+05 -8.5897454e+04 7.4639767e-03
2.6436480e+05 -2.4240245e+05 4.7942422e-01
3.9800096e+05 -6.6520497e+04 -1.7165982e+00
1.5274039e+05 -1.0711288e+05 -1.5281153e+00
2.0425857e+05 -1.1813534e+05 -1.4795273e+00
3.5799265e+05 -1.1815703e+05 -5.1310830e-01
1.4009970e+05 -8.9693794e+04 -1.6371457e+00
1.3065581e+05 -4.1880880e+04 -5.3143298e-01
1.7557140e+05 -7.0710099e+04 4.3644627e-01
1.6425850e+05 -8.6155835e+04 -1.3574586e+00
1.3404582e+05 -8.5586200e+04 1.4095686e-01
2.8316205e+05 -2.5377664e+05 -5.3205417e-01
3.9416206e+05 -2.7908851e+05 -4.7708378e-01
1.2448253e+05 -9.6276151e+04 -1.8502948e+00
2.4620651e+05 -2.2406149e+05 -8.5308067e-01
1.6186587e+05 -8.2282012e+04 -2.2592968e-02
1.5530845e+05 -1.1857031e+05 8.6455959e-02
1.3356475e+05 -7.1927733e+04 1.4743054e+00
1.4118341e+05 -4.8228572e+04 -1.0658250e+00
3.0461768e+05 -2.8352179e+05 9.1934262e-01
2.8180022e+05 -2.4864093e+05 1.1061163e-01
2.0761805e+05 -1.1731534e+05 -2.5266847e-01
2.2664920e+05 -1.6012306e+05 1.1727068e+00
1.6673072e+05 -6.4038799e+04 -1.6075491e+00
2.4119330e+05 -2.3537134e+05 3.0406470e-01
1.1923254e+05 -6.0898349e+04 1.3898305e+00
3.3738938e+05 -3.5231660e+05 -4.4634263e-01
2.8998069e+05 -1.6012306e+05 3.5851074e-01
1.7779759e+05 -1.3096258e+05 1.7748897e-01
1.8689160e+05 -1.2708592e+05 1.4132631e+00
2.5412925e+05 -3.4460118e+04 -6.7714151e-01
3.3475267e+05 -1.9032743e+05 6.1171583e-01
1.0893511e+06 -5.7804840e+04 -1.1569953e+00
3.0926874e+05 -2.0468913e+05 7.6278733e-01
2.1815456e+05 -6.5253234e+04 9.9188289e-01
1.5956093e+05 -1.1646119e+05 1.8893620e+00
1.6048025e+05 -5.0453929e+04 -4.2212492e-01
2.1940123e+05 -1.5123881e+05 1.7390342e+00
1.8506596e+05 -1.8526459e+05 -4.3516494e-01
1.8065005e+06 -2.4498408e+05 4.4324901e-01
2.4116795e+05 -1.7649708e+05 -1.4004278e+00
3.5199536e+05 -6.7623499e+04 4.1882013e-01
2.5695285e+05 -2.0189236e+05 1.5162284e+00
3.2841647e+05 -1.1482174e+05 8.2918585e-01
1.2773124e+05 -5.2973396e+04 -7.8064146e-01
2.0649315e+05 -1.6490893e+05 -2.4056919e-01
2.6557329e+05 -4.2260497e+04 7.6927338e-01
1.7315055e+05 -1.0824833e+05 -6.6502221e-01
2.4066205e+05 -2.0959637e+05 7.4067265e-02
2.5418515e+05 -4.6566181e+04 -1.8562169e+00
1.3389356e+05 -9.6888888e+04 1.0162654e+00
1.8596680e+05 -8.6128583e+04 -1.3630630e+00
2.3631850e+05 -1.1986730e+05 -3.8642359e-01
1.2713026e+05 -5.0330146e+04 -8.3341657e-02
3.2405125e+05 -5.7581585e+05 1.2334762e+00
1.6164940e+05 -9.4098264e+04 -6.4016367e-01
2.0534203e+05 -4.7004489e+04 -5.8543889e-02
2.2579451e+05 -1.3867800e+05 1.7717941e-01
3.0457849e+05 -7.8910132e+04 1.4683959e-01
2.6033166e+05 -2.4004532e+05 -6.1033623e-01
2.5421311e+05 -2.0660189e+05 4.9735537e-01
1.1962849e+05 -5.6224008e+04 1.8410032e+00
3.5804564e+05 -8.7200882e+04 2.5548553e-01
1.6233675e+05 -8.0096749e+04 -3.3738154e-01
2.2712413e+05 -1.7728294e+05 1.2149688e+00
1.2305242e+05 -6.8568224e+04 1.8105071e+00
2.8588805e+05 -4.6898520e+04 -1.3820563e+00
2.4116795e+05 -4.7443233e+04 -1.5218858e+00
1.3883224e+05 -4.9494129e+04 -2.2878079e-01
1.5106139e+05 -1.2116277e+05 -8.1701448e-01
4.2902591e+05 -1.6770766e+05 -1.4125720e+00
1.5167763e+05 -7.8671146e+04 5.0941184e-01
1.7369837e+05 -1.5249447e+05 5.5732326e-01
1.8065178e+05 -1.6076976e+05 -1.3518542e+00
2.1857568e+05 -2.1870442e+05 6.9606576e-01
2.6618141e+05 -1.3975516e+05 5.9379217e-01
3.6434770e+05 -1.5309629e+05 4.4021314e-02
2.6673095e+05 -1.6913331e+05 2.8581005e-01
1.8506596e+05 -7.2526993e+04 -2.1003294e+00
2.3583140e+05 -1.7811364e+05 1.2387199e+00
2.2534709e+05 -3.1179943e+05 -1.2058567e+00
3.0930906e+05 -3.4802226e+05 2.0720529e-01
2.1779780e+05 -1.3551885e+05 1.7686984e-01
2.4673441e+05 -1.8941164e+05 -9.5010573e-01
1.3097136e+05 -5.4545700e+04 2.3102367e+00
1.2832975e+05 -6.6334603e+04 2.6053372e-02
1.2111788e+05 -6.4206454e+04 7.4456389e-01
2.5251795e+05 -1.1008269e+05 -2.8276440e-01
6.1663017e+05 -2.9966900e+05 4.6674801e-01
1.5336950e+05 -7.3791148e+04 5.5114161e-01
3.2671088e+05 -3.4590393e+05 2.9199823e-01
3.0387468e+05 -3.4248823e+04 -1.1815808e+00
1.7919952e+05 -1.6917010e+05 -1.0477803e+00
3.5698869e+05 -3.9505454e+04 1.3839721e+00
3.3289275e+05 -2.5244501e+05 1.3654715e+00
1.4741951e+05 -5.3490001e+04 -1.0507610e-02
1.6747186e+05 -1.3043404e+05 6.2438532e-01
1.4375462e+05 -4.9259875e+04 1.8949060e+00
2.1416731e+05 -1.4194675e+05 1.5282497e+00
2.2408096e+05 -9.3173920e+04 -9.5121723e-02
1.4923006e+05 -5.1294950e+04 1.1187157e+00
3.4312304e+05 -2.6318266e+05 9.4373020e-01
4.5194987e+05 -5.5054294e+05 -1.3759784e-01
2.0721635e+05 -1.1008269e+05 -2.1016883e-01
2.1257422e+05 -4.6346543e+04 -6.0443325e-01
2.3968121e+05 -7.7749209e+04 -7.1381316e-01
2.1255420e+05 -1.7432375e+05 1.4095686e-01
5.2993361e+05 -2.7311095e+05 -9.0190069e-01
1.6796077e+05 -5.0821709e+04 1.2206905e-01
1.6571845e+05 -6.8383552e+04 -1.0101202e-01
1.7781194e+05 -1.2206823e+05 3.1629819e-02
1.6645119e+05 -6.1045828e+04 1.9513354e-01
5.3192363e+05 -3.2478673e+04 -6.7123717e-01
1.4246293e+05 -4.8908582e+04 -1.1454811e+00
2.6091755e+05 -1.5061669e+05 -7.5017840e-01
3.3377380e+05 -4.1343915e+04 2.4960582e-01
2.4884041e+05 -1.0748941e+05 -1.4726756e+00
2.4881354e+05 -1.8446795e+05 2.1370518e-01
1.7183537e+05 -1.2993359e+05 7.6834681e-01
4.3194092e+05 -2.7748089e+05 2.8581005e-01
1.7287784e+05 -1.4883367e+05 -1.3331736e+00
2.3442936e+05 -1.7724352e+05 -1.0297365e+00
1.1314070e+06 -6.4686301e+05 1.4714921e-01
2.5468932e+05 -1.5309629e+05 9.1347700e-01
2.0537958e+05 -1.1240539e+05 1.4095686e-01
2.5365498e+05 -5.4958293e+04 -6.8304596e-01
1.7315055e+05 -6.8373852e+04 -1.5829387e+00
4.1505514e+05 -5.0799006e+05 2.1370518e-01
2.7598329e+05 -2.3417924e+05 -4.1684701e-01
2.6144695e+05 -1.6283738e+05 -1.3879725e+00
2.2536942e+05 -7.5941104e+04 9.4403889e-01
3.9428891e+05 -1.0709410e+05 -1.3759784e-01
2.3585571e+05 -1.5370161e+05 1.3654715e+00
2.5307141e+05 -1.0146461e+05 1.5341062e+00
4.5367488e+05 -5.3439125e+05 -4.5255267e-01
1.9967254e+05 -4.7991549e+04 1.1372278e+00
6.3743795e+05 -9.4393787e+04 8.6531325e-01
1.6354363e+05 -6.8373852e+04 -1.0536914e+00
1.1237405e+06 -1.6788366e+06 -3.6779886e-01
1.3762158e+05 -9.8164728e+04 1.8111232e+00
1.3540502e+05 -5.1813372e+04 4.0057423e-01
2.4015812e+05 -1.4081659e+05 -4.6201659e-03
1.4209381e+05 -1.0975109e+05 -5.4385719e-01
2.8725194e+05 -7.5512781e+04 -2.2226642e-01
3.1080796e+05 -1.1126490e+05 9.0174544e-01
1.5147524e+05 -7.5088004e+04 -9.2615786e-01
2.3727376e+05 -1.1362459e+05 -1.2360480e+00
1.7476209e+05 -1.0857326e+05 2.0132426e-01
1.3830968e+05 -5.3086818e+04 -1.1809584e+00
2.3117865e+05 -1.3493667e+05 -3.8611316e-01
2.1181578e+05 -1.2517521e+05 -5.6777539e-01
1.8752348e+05 -1.1521795e+05 1.4683959e-01
2.0796351e+05 -7.1501182e+04 5.6350476e-01
2.7851487e+05 -2.5377664e+05 2.1958586e-01
2.7468506e+05 -2.4870580e+05 -1.9603328e+00
1.5751082e+05 -1.1086876e+05 -1.6374572e+00
1.7261951e+05 -5.3747685e+04 3.2819575e-01
3.2927552e+05 -3.2066905e+05 -6.5052989e-02
2.9138132e+05 -1.3141813e+05 4.9906983e-02
2.1494157e+05 -5.3227422e+04 -5.9231699e-01
1.2653453e+05 -6.2524460e+04 1.5272215e-01
2.6851616e+05 -2.2512243e+05 6.0553538e-01
1.7555738e+05 -9.6565682e+04 1.3970483e-02
1.6545462e+05 -7.8898157e+04 1.5042068e+00
6.9310354e+05 -7.7054183e+05 4.6149184e-01
1.7863339e+05 -1.2204548e+05 7.6865566e-01
1.1323153e+06 -3.7691120e+05 -1.3574586e+00
2.7917953e+05 -2.6045348e+05 1.5640036e+00
3.5189272e+05 -4.1937779e+05 7.8100970e-01
1.5575552e+05 -1.0603186e+05 4.7942422e-01
1.6682400e+06 -9.8164728e+04 1.4135715e+00
1.2972557e+05 -7.5512781e+04 -1.6863735e+00
2.1414700e+05 -5.9027916e+04 4.4021314e-02
1.4723769e+05 -7.6384428e+04 1.8894263e-01
2.7161537e+05 -6.1375446e+04 -8.0457879e-01
3.3559598e+05 -1.0782995e+05 7.4067265e-02
2.0320415e+05 -5.4282372e+04 1.2091079e+00
1.3162313e+05 -3.9587766e+04 7.2695718e-01
1.6794787e+05 -1.2337583e+05 -1.1507714e+00
6.7552878e+05 -4.2233309e+05 -3.9201128e-01
6.2551898e+05 -1.7057686e+05 -4.4044323e-01
3.3109781e+05 -4.8790336e+04 1.8894263e-01
2.4518315e+05 -4.7773398e+04 1.2237870e-01
1.4358113e+05 -4.7888032e+04 -1.3170645e-01
3.8693298e+05 -3.7441095e+05 2.4341647e-01
1.3972361e+05 -8.0563941e+04 3.0406470e-01
1.5599119e+05 -9.3804100e+04 -2.0944046e+00
4.8443836e+05 -3.3314469e+04 -3.3117441e-01
2.7161537e+05 -3.9674684e+04 -1.8381390e+00
1.5444353e+05 -9.5955947e+04 7.4067265e-02
6.1371944e+05 -3.0981770e+05 1.4683959e-01
2.0685416e+05 -1.4944497e+05 -1.4789045e+00
1.8905639e+05 -1.5750794e+05 -1.4910509e+00
2.0649315e+05 -1.0671961e+05 -2.3258326e+00
2.2109147e+05 -1.8777090e+05 6.6022772e-01
1.6071757e+05 -1.5498754e+05 1.6065346e+00
4.7718046e+05 -1.2204548e+05 1.8228290e+00
2.4782322e+05 -1.4418931e+05 -1.9238587e+00
1.6622314e+05 -1.1898572e+05 -3.7400694e-01
2.4216019e+05 -1.5944646e+05 1.5223932e+00
1.3371632e+05 -8.1060068e+04 1.1430897e+00
3.8705552e+05 -6.9146384e+04 4.4021314e-02
2.7038654e+05 -1.4999832e+05 8.5327123e-01
1.2236309e+05 -7.1708789e+04 8.5944668e-01
5.7899893e+05 -4.4543164e+05 -1.1688211e+00
3.0158890e+05 -2.6739212e+05 9.1934262e-01
2.4216019e+05 -5.4685050e+04 6.6022772e-01
1.9656479e+05 -1.1278937e+05 -6.6533296e-01
4.3950922e+05 -3.4390905e+05 5.5145070e-01
5.5924379e+05 -5.8716664e+04 9.9188289e-01
3.3564295e+05 -1.5750794e+05 5.7555831e-01
3.6866526e+05 -3.1325242e+05 -8.4748393e-01
1.5619373e+05 -5.2966736e+04 1.3507396e-01
3.1007708e+05 -4.4527869e+05 6.0584441e-01
9.0235495e+05 -6.4659814e+05 1.7689185e+00
3.3838816e+05 -1.1008269e+05 -1.1268102e+00
1.6974578e+05 -7.5288774e+04 -4.1032740e-01
1.8815936e+05 -3.7010788e+04 2.7374262e-01
3.3201603e+05 -7.5952424e+04 1.1850465e+00
1.9623655e+05 -4.6571691e+04 -4.8298401e-01
1.9455965e+05 -1.2662826e+05 -2.2225829e+00
1.3209121e+05 -6.7623499e+04 -2.4646363e-01
1.4154814e+05 -9.6888888e+04 1.1545049e+00
5.9995883e+05 -1.3599794e+05 -1.4670698e+00
1.7583804e+05 -7.1708789e+04 -2.8928054e-01
1.5400346e+05 -5.5240636e+04 -7.1412395e-01
2.2408096e+05 -2.1662487e+05 7.5074145e-01
1.6820623e+05 -7.5535235e+04 5.6102224e-02
1.1829351e+05 -7.4644659e+04 -9.9893963e-01
2.2021124e+05 -4.6242749e+04 -1.4490069e+00
1.8388254e+05 -9.9786134e+04 4.4324901e-01
2.7035516e+05 -9.8479254e+04 -2.4056919e-01
1.9196137e+05 -6.9522565e+04 2.7993113e-01
3.3475267e+05 -4.1608788e+04 6.7783833e-01
1.7695485e+05 -6.7423551e+04 -5.7398825e-01
2.2280618e+05 -1.7271951e+05 -8.2851791e-01
3.7307930e+05 -9.2308120e+04 1.0159568e+00
2.3297149e+05 -1.2204548e+05 1.1909077e+00
3.3470594e+05 -1.9116164e+05 -4.5845234e-01
1.4026541e+05 -6.4919502e+04 -1.0051610e+00
1.6922096e+05 -1.5498754e+05 -1.9968094e+00
2.0759888e+05 -1.5884111e+05 -4.5907337e-01
1.4190520e+05 -7.7972313e+04 -1.3170645e-01
1.3034167e+05 -7.8671146e+04 7.2077914e-01
1.5530845e+05 -8.8860805e+04 -2.2847058e-01
2.1217441e+05 -5.7525578e+04 3.0406470e-01
1.5575552e+05 -4.2070058e+04 -5.0161719e-01
2.1141863e+05 -7.4194218e+04 -1.0720475e+00
3.3658486e+05 -2.6876882e+05 -1.3453159e+00
6.1386436e+05 -1.2296069e+05 1.5886597e+00
2.6554296e+05 -2.1353377e+05 -2.9517625e-01
3.5799265e+05 -3.5635867e+05 5.0322910e-01
2.8792080e+05 -1.2475113e+05 -8.6551821e-01
3.9435236e+05 -4.6461662e+04 -1.8628585e-01
2.0390597e+05 -8.3792310e+04 -9.5010573e-01
4.8092169e+05 -1.1166312e+05 4.1294448e-01
5.4093949e+05 -6.4159583e+05 2.6848226e-01
1.6522911e+05 -5.2960076e+04 1.4197377e+00
1.2462282e+05 -7.9852459e+04 1.2269987e+00
1.5597996e+05 -4.3982336e+04 -4.1187397e-02
4.0575791e+05 -2.5132120e+05 -2.5386273e+00
2.4935193e+05 -4.1334666e+04 -1.6193875e+00
1.3113374e+05 -6.3357242e+04 7.8687770e-01
2.0245197e+05 -1.1770271e+05 -9.6845652e-01
2.6141749e+05 -1.0146461e+05 -1.4001164e+00
1.5640805e+05 -1.0352347e+05 7.9892219e-01
2.3771709e+05 -1.5427833e+05 -7.7380256e-01
1.5190190e+05 -8.6951692e+04 -4.9540598e-01
3.8455783e+05 -2.4128169e+05 8.0261712e-02
1.8357747e+05 -1.3867800e+05 8.7148848e-01
1.2390971e+05 -8.0329845e+04 -6.8988285e-01
1.3640423e+05 -7.3986832e+04 8.8970473e-01
2.1333775e+05 -6.5799813e+04 -7.3805618e-01
3.9057862e+05 -3.5299107e+04 2.0101473e-01
1.9227638e+05 -1.3446308e+05 -1.8259836e+00
2.9786232e+05 -9.6597931e+04 1.7507417e+00
1.7892330e+05 -1.5249447e+05 1.7129755e-01
2.2276247e+05 -7.6395845e+04 -1.1451699e+00
7.3843786e+05 -1.1206345e+05 -4.8267347e-01
1.5339128e+05 -4.0807946e+04 1.7026775e+00
1.7155310e+05 -1.4477272e+05 -6.1655002e-01
1.5066017e+05 -1.0709410e+05 -7.0138159e-01
2.5474546e+05 -1.8530666e+05 -2.4056919e-01
5.5226081e+05 -6.2194166e+04 1.9555783e+00
1.3488911e+05 -4.8461477e+04 1.3534456e+00
2.8930287e+05 -3.1334356e+05 -7.1971833e-01
1.7182191e+05 -4.2070058e+04 -2.4708411e-01
1.8567080e+05 -7.1719193e+04 -3.6159093e-01
1.7807058e+05 -7.3155051e+04 1.1905993e+00
2.0949251e+05 -4.8566825e+04 -4.5348419e-01
1.2520183e+05 -8.9419657e+04 5.8173941e-01
1.8876719e+05 -1.5309629e+05 -1.1697547e+00
3.0158890e+05 -1.1482174e+05 6.0553538e-01
1.3725779e+05 -6.8558487e+04 -1.0101202e-01
1.4882757e+05 -9.3189216e+04 5.2115865e-01
5.8424169e+05 -1.3653318e+05 -1.2478761e+00
1.7183537e+05 -7.1906839e+04 4.9148151e-01
2.3823626e+05 -1.2526974e+05 -7.2562362e-01
1.3606383e+05 -5.0447729e+04 -7.2562362e-01
1.2972557e+05 -7.2930591e+04 -6.6502221e-01
3.3738938e+05 -2.7901164e+05 1.0458925e+00
1.4722760e+05 -1.0388156e+05 -7.8001974e-01
1.8151285e+05 -5.0206810e+04 1.2334762e+00
