0.06286511 -0.06605243  0.32021133  0.05245006 -0.26783469  0.18079753
  0.65200002  0.47354048 -0.35186762 -0.63271074 -0.31163723  0.02066299
 -1.16251539 -0.10939583 -0.62295547 -0.36613368 -0.27212949 -0.15815008
  0.20581527  0.52125668 -0.06426733  0.68323174 -0.33259734  0.17575504
  0.45173509  0.04700615 -0.37174962 -0.46086269 -0.22886291  0.11009756
 -0.50480909 -0.10458779 -0.0796125   0.27042279  0.10732956  0.17768635
 -0.3269143  -0.06480682  0.39198774  0.74671557 -0.62953277  0.75696189
  0.67293771  0.3906557   0.13222782 -0.15696141  0.72901034  0.98012916
  0.90081743  0.65755188  0.17869021 -0.60415932 -0.00222707  0.32823747
 -0.64418073  0.19756103  0.21493185  0.34802136 -0.59205898 -0.33085129
 -0.21821762 -0.58490095  0.86968394 -0.24795536  0.16448481 -0.12928627
  0.79173644  0.66018049  0.31667631 -1.10175494  0.02601449  0.3418431
  0.50198079 -0.30895352  0.91100568 -0.66021549 -0.33076401  0.46752499
  0.02452731  1.00119629  0.0942596  -0.31659705 -0.18878175 -0.54557306
 -0.63884008  0.31520575  0.29058291  0.64727941 -0.3773029   0.84455373
 -0.14369385  0.78720414 -0.21639292 -0.36774165  0.12489269  0.51572654
  0.08050479 -0.29276441 -0.67060986 -0.70076011  0.25134142  0.49485652
 -0.0821473  -0.53718243  0.43652108 -0.64019697 -0.35653405  0.31050893
 -1.12507059  0.1931848  -0.29082042  0.05463985 -0.03785076  0.1010572
  0.34708597 -0.37918488  0.71049101  0.36304689  0.42186633  0.58243199
  0.39379411  0.42203934  0.03779681 -0.71338693 -0.06752255 -0.38475732
 -0.71137088  0.1292264  -0.28427473 -0.51490222 -0.52150054  0.13420854
  0.17933597  0.66122873 -0.00695733  0.52091988  0.70113241  0.57508282
 -1.18265195  0.61434186  0.16981     0.21188568  0.18561371  0.19137858
  0.15970711 -0.17945665 -0.95081765 -0.05445736 -0.40186592  0.54008171
 -0.14438325  0.04173768 -0.42480298 -0.25531123 -0.00576653 -0.74268759
  0.15034256 -0.05303613 -0.5928599  -1.19911643  0.25652607 -0.14879202
 -0.26500421 -0.11807731  0.90823797 -0.02490048  0.04330963 -0.74353643
  0.82366953  0.45874399  0.53346743  0.02383637  0.45832739  0.18547342
  0.30659454 -0.07609648 -0.73694397  0.51442717 -0.96747982 -0.11996834
 -0.10226124 -0.52143007  0.30656157 -0.10016485 -0.21843416  0.25992087
 -0.23828952  0.69448999  0.17572754 -0.23716649 -0.97213249 -0.6538766
  0.54341539 -0.02530203 -0.14156253  0.82162581 -0.64132462 -0.2928289
 -0.23629384  0.29316864
